#-- reverse hits sorted by %sim
0 0 0
0 0 0


1051945 2928251 73.6196319018405
1052094 2928096 73.6196319018405


1052058 2928251 73.6196319018405
1052207 2928096 73.6196319018405


2928074 1052207 73.6196319018405
2928229 1052058 73.6196319018405


2928074 1052094 73.6196319018405
2928229 1051945 73.6196319018405


1052284 2928251 73.780487804878
1052433 2928096 73.780487804878


2928074 1052433 73.780487804878
2928229 1052284 73.780487804878


1052171 2928251 74.2331288343558
1052320 2928096 74.2331288343558


1052397 2928251 74.2331288343558
1052546 2928096 74.2331288343558


2928074 1052546 74.2331288343558
2928229 1052397 74.2331288343558


2928074 1052320 74.2331288343558
2928229 1052171 74.2331288343558


2488870 480882 76.5432098765432
2489101 480649 76.5432098765432


480649 2489112 76.6393442622951
480882 2488881 76.6393442622951


3164067 4603894 78.5425101214575
3164302 4603657 78.5425101214575


312405 349878 79.7619047619048
312563 349714 79.7619047619048


1635886 1845786 80.5882352941177
1636052 1845622 80.5882352941177


1845611 1636063 80.5882352941177
1845775 1635897 80.5882352941177


3319966 4073037 81.4925373134328
3320268 4072709 81.4925373134328


1884427 4053372 81.5384615384615
1885921 4051878 81.5384615384615


4051824 1885932 81.5384615384615
4053318 1884438 81.5384615384615


3319966 4073137 81.6326530612245
3320276 4072801 81.6326530612245


1502767 1734936 83.1372549019608
1503021 1734682 83.1372549019608


1734671 1503032 83.1372549019608
1734925 1502778 83.1372549019608


4072653 4149544 83.206106870229
4072783 4149423 83.206106870229


4149369 4072837 83.206106870229
4149490 4072707 83.206106870229


347485 1013147 83.5051546391753
347674 1012970 83.5051546391753


1012970 347674 83.5051546391753
1013147 347485 83.5051546391753


1504698 1733008 84.3575418994413
1505054 1732652 84.3575418994413


1732641 1505065 84.3575418994413
1732997 1504709 84.3575418994413


1065689 3605782 84.4961240310078
1065816 3605656 84.4961240310078


3605613 1065816 84.4961240310078
3605739 1065689 84.4961240310078


2240614 3570052 84.7222222222222
2240756 3569911 84.7222222222222


2351457 2806956 84.7222222222222
2351597 2806818 84.7222222222222


2806796 2351608 84.7222222222222
2806934 2351468 84.7222222222222


3569868 2240767 84.7222222222222
3570009 2240625 84.7222222222222


1746628 2635910 84.7826086956522
1746763 2635774 84.7826086956522


2635763 1746774 84.7826086956522
2635899 1746639 84.7826086956522


347478 349885 84.9056603773585
347687 349677 84.9056603773585


349677 347687 84.9056603773585
349885 347478 84.9056603773585


1065696 2840656 84.9624060150376
1065828 2840525 84.9624060150376


2840503 1065828 84.9624060150376
2840634 1065696 84.9624060150376


347485 480885 85.0622406639004
347721 480649 85.0622406639004


480649 347721 85.0622406639004
480885 347485 85.0622406639004


2224763 2240762 85.1063829787234
2224903 2240622 85.1063829787234


2240611 2224914 85.1063829787234
2240751 2224774 85.1063829787234


4072694 3161347 85.5555555555556
4072780 3161264 85.5555555555556


4072752 4149545 85.6060606060606
4072883 4149423 85.6060606060606


4072952 4149545 85.6060606060606
4073083 4149423 85.6060606060606


4149369 4073137 85.6060606060606
4149491 4073006 85.6060606060606


4149369 4072937 85.6060606060606
4149491 4072806 85.6060606060606


379484 4179889 85.781990521327
379694 4179688 85.781990521327


4179634 379694 85.781990521327
4179835 379484 85.781990521327


480750 347721 86
480993 347478 86


4179635 4072938 86.0082304526749
4179866 4072703 86.0082304526749


4072849 4179920 86.0655737704918
4073084 4179689 86.0655737704918


4179635 4073138 86.0655737704918
4179866 4072903 86.0655737704918


592803 1746782 86.0927152317881
592952 1746634 86.0927152317881


1746623 592952 86.0927152317881
1746771 592803 86.0927152317881


1012970 3320277 86.1111111111111
1013144 3320104 86.1111111111111


2806809 4269749 86.1111111111111
2806915 4269642 86.1111111111111


3320061 1013144 86.1111111111111
3320234 1012970 86.1111111111111


4269588 2806937 86.1111111111111
4269695 2806831 86.1111111111111


4072749 4179920 86.1224489795918
4072985 4179688 86.1224489795918


4179634 4073039 86.1224489795918
4179866 4072803 86.1224489795918


1746643 3605763 86.2385321100918
1746750 3605656 86.2385321100918


3605613 1746761 86.2385321100918
3605720 1746654 86.2385321100918


847207 2806963 86.25
847366 2806807 86.25


2806785 847366 86.25
2806941 847207 86.25


3232231 347675 86.3636363636364
3232314 347589 86.3636363636364


4072852 4149545 86.3636363636364
4072983 4149423 86.3636363636364


4149369 4073037 86.3636363636364
4149491 4072906 86.3636363636364


1746646 2840641 86.4406779661017
1746762 2840525 86.4406779661017


2840503 1746773 86.4406779661017
2840619 1746657 86.4406779661017


2224762 3605779 86.5079365079365
2224886 3605656 86.5079365079365


3605613 2224897 86.5079365079365
3605736 2224773 86.5079365079365


3605613 3838098 86.5384615384615
3605714 3837996 86.5384615384615


3837942 3605757 86.5384615384615
3838044 3605656 86.5384615384615


347478 480993 86.5671641791045
347674 480797 86.5671641791045


1065698 2351608 86.8613138686131
1065833 2351474 86.8613138686131


2351463 1065833 86.8613138686131
2351597 1065698 86.8613138686131


347512 4603967 86.9767441860465
347721 4603758 86.9767441860465


4603693 347721 86.9767441860465
4603902 347512 86.9767441860465


2478658 2806952 87.0229007633588
2478788 2806824 87.0229007633588


2806802 2478799 87.0229007633588
2806930 2478669 87.0229007633588


2224768 2351608 87.1428571428571
2224906 2351471 87.1428571428571


2351460 2224917 87.2340425531915
2351597 2224779 87.2340425531915


349743 4179921 87.248322147651
349887 4179778 87.248322147651


4179724 349887 87.248322147651
4179867 349743 87.248322147651


3569870 3605781 87.4015748031496
3569995 3605656 87.4015748031496


3605613 3570038 87.4015748031496
3605738 3569913 87.4015748031496


590323 2774605 87.5598086124402
590739 2774194 87.5598086124402


2774172 590739 87.5598086124402
2774583 590323 87.5598086124402


847212 1065841 87.5816993464052
847363 1065690 87.5816993464052


1065690 847363 87.5816993464052
1065841 847212 87.5816993464052


1065718 2233310 87.6106194690265
1065829 2233199 87.6106194690265


2233188 1065829 87.6106194690265
2233299 1065718 87.6106194690265


3441186 4346025 87.719298245614
3441296 4345917 87.719298245614


4345863 3441339 87.719298245614
4345971 3441229 87.719298245614


1126361 3221139 87.8472222222222
1126645 3220856 87.8472222222222


762164 3636584 87.8571428571429
762303 3636445 87.8571428571429


3636402 762303 87.8571428571429
3636541 762164 87.8571428571429


4072649 4179920 87.8947368421053
4072833 4179737 87.8947368421053


379554 4179920 87.9432624113475
379694 4179786 87.9432624113475


4179732 379694 87.9432624113475
4179866 379554 87.9432624113475


2351480 3838098 88
2351577 3838000 88


3837946 2351588 88
3838044 2351491 88


2955736 3605771 88.135593220339
2955851 3605656 88.135593220339


3605613 2955873 88.135593220339
3605728 2955758 88.135593220339


4269592 1065816 88.2352941176471
4269709 1065698 88.2352941176471


3172459 832012 88.3018867924528
3172722 831749 88.3018867924528


1065698 4269763 88.3333333333333
1065816 4269646 88.3333333333333


2224767 2840655 88.6363636363636
2224898 2840525 88.6363636363636


2840503 2224909 88.6363636363636
2840633 2224778 88.6363636363636


1065694 2240761 88.6524822695035
1065834 2240621 88.6524822695035


2240610 1065834 88.6524822695035
2240750 1065694 88.6524822695035


2840506 3190830 88.7096774193548
2840627 3190708 88.7096774193548


2224781 4269750 88.785046728972
2224886 4269646 88.785046728972


4269592 2224897 88.785046728972
4269696 2224792 88.785046728972


2840503 2955885 88.8
2840626 2955762 88.8


2955740 2840648 88.8
2955863 2840525 88.8


592800 1065840 88.8157894736842
592950 1065690 88.8157894736842


1065690 592950 88.8157894736842
1065840 592800 88.8157894736842


347579 349885 88.8888888888889
347730 349735 88.8888888888889


349735 347730 88.8888888888889
349885 347579 88.8888888888889


3569883 4269757 88.8888888888889
3569999 4269642 88.8888888888889


4269588 3570042 88.8888888888889
4269703 3569926 88.8888888888889


2351480 2955873 88.9830508474576
2351595 2955758 88.9830508474576


2955736 2351606 88.9830508474576
2955851 2351491 88.9830508474576


462006 2635904 89.051094890511
462142 2635768 89.051094890511


2635757 462142 89.051094890511
2635893 462006 89.051094890511


2013886 3127915 89.1472868217054
2014014 3127787 89.1472868217054


1637953 1832773 89.2733564013841
1638530 1832196 89.2733564013841


1832185 1638541 89.2733564013841
1832762 1637964 89.2733564013841


461997 592950 89.3617021276596
462136 592811 89.3617021276596


592811 462136 89.4366197183099
592950 461997 89.4366197183099


2351457 3570061 89.4366197183099
2351597 3569920 89.4366197183099


3569877 2351608 89.4366197183099
3570018 2351468 89.4366197183099


1332020 4504641 89.4957983193277
1332254 4504407 89.4957983193277


4504342 1332265 89.4957983193277
4504576 1332031 89.4957983193277


592823 3838099 89.5238095238095
592926 3837996 89.5238095238095


2955752 4269744 89.5238095238095
2955855 4269642 89.5238095238095


3837942 592926 89.5238095238095
3838045 592823 89.5238095238095


4269588 2955877 89.5238095238095
4269690 2955774 89.5238095238095


545809 1838639 89.7009966777409
546109 1838340 89.7009966777409


1838329 546109 89.7009966777409
1838628 545809 89.7009966777409


592804 2224917 89.7260273972603
592948 2224773 89.7260273972603


2224762 592948 89.7260273972603
2224906 592804 89.7260273972603


548851 1833839 89.7435897435898
549083 1833606 89.7435897435898


1833595 549083 89.7435897435898
1833828 548851 89.7435897435898


3265675 762303 89.7435897435898
3265791 762187 89.7435897435898


2635753 3190844 89.8550724637681
2635889 3190708 89.8550724637681


4179636 4603893 89.873417721519
4179866 4603657 89.873417721519


4603592 4179920 89.873417721519
4603828 4179690 89.873417721519


2635763 2955886 90
2635892 2955758 90


2955736 2635903 90
2955864 2635774 90


847214 3636584 90.1315789473684
847364 3636434 90.1315789473684


3636391 847364 90.1315789473684
3636541 847214 90.1315789473684


347478 4073044 90.2040816326531
347721 4072803 90.2040816326531


4072749 347721 90.2040816326531
4072990 347478 90.2040816326531


4179636 4603792 90.295358649789
4179866 4603556 90.295358649789


4603491 4179920 90.295358649789
4603727 4179690 90.295358649789


347485 4073137 90.3361344537815
347721 4072903 90.3361344537815


4072849 347721 90.3361344537815
4073083 347485 90.3361344537815


347485 4072937 90.3765690376569
347721 4072703 90.3765690376569


4072649 347721 90.3765690376569
4072883 347485 90.3765690376569


2635775 3838099 90.3846153846154
2635878 3837996 90.3846153846154


2840514 3838099 90.3846153846154
2840616 3837996 90.3846153846154


3837942 2840638 90.3846153846154
3838045 2840536 90.3846153846154


3837942 2635889 90.3846153846154
3838045 2635786 90.3846153846154


1065717 2368293 90.4347826086957
1065830 2368180 90.4347826086957


2368169 1065830 90.4347826086957
2368282 1065717 90.4347826086957


2635763 3570051 90.5797101449275
2635899 3569916 90.5797101449275


3569873 2635910 90.5797101449275
3570008 2635774 90.5797101449275


2224784 2233314 90.5982905982906
2224899 2233199 90.5982905982906


2233188 2224910 90.5982905982906
2233303 2224795 90.5982905982906


2822187 4504336 90.625
2822954 4503569 90.625


3023945 4504336 90.625
3024712 4503569 90.625


4503504 3024734 90.625
4504271 3023967 90.625


4503504 2822976 90.625
4504271 2822209 90.625


4503503 4506175 90.6371911573472
4504271 4505407 90.6371911573472


4505342 4504336 90.6371911573472
4506110 4503568 90.6371911573472


4503502 4522405 90.6493506493507
4504271 4521636 90.6493506493507


4521571 4504336 90.6493506493507
4522340 4503567 90.6493506493507


3741198 4504336 90.6614785992218
3741968 4503566 90.6614785992218


4503501 3742011 90.6614785992218
4504271 3741241 90.6614785992218


1019899 4072849 90.7407407407407
1019999 4072743 90.7407407407407


4072689 1019999 90.7407407407407
4072795 1019899 90.7407407407407


376749 4504336 90.7552083333333
377516 4503569 90.7552083333333


619117 4504336 90.7552083333333
619884 4503569 90.7552083333333


1177639 4504336 90.7552083333333
1178406 4503569 90.7552083333333


4503504 619884 90.7552083333333
4504271 619117 90.7552083333333


4503504 1178406 90.7552083333333
4504271 1177639 90.7552083333333


4503504 377516 90.7552083333333
4504271 376749 90.7552083333333


353263 4504337 90.7792207792208
354032 4503568 90.7792207792208


633976 4504338 90.7792207792208
634745 4503569 90.7792207792208


3433461 4504337 90.7792207792208
3434230 4503568 90.7792207792208


4503504 634745 90.7792207792208
4504273 633976 90.7792207792208


4503503 3434273 90.7792207792208
4504272 3433504 90.7792207792208


4503503 354032 90.7792207792208
4504272 353263 90.7792207792208


592811 2955886 90.8396946564885
592940 2955758 90.8396946564885


2955736 592940 90.8396946564885
2955864 592811 90.8396946564885


546932 4504336 90.8854166666667
547699 4503569 90.8854166666667


589555 4504336 90.8854166666667
590322 4503569 90.8854166666667


4503504 590322 90.8854166666667
4504271 589555 90.8854166666667


4503504 547699 90.8854166666667
4504271 546932 90.8854166666667


592800 2014049 90.9090909090909
592941 2013908 90.9090909090909


2013897 592941 90.9090909090909
2014038 592800 90.9090909090909


2478670 2955880 90.9090909090909
2478788 2955762 90.9090909090909


2955740 2478799 90.9090909090909
2955858 2478681 90.9090909090909


3837946 4269743 90.9090909090909
3838044 4269646 90.9090909090909


4269592 3838098 90.9090909090909
4269689 3838000 90.9090909090909


3202749 2955881 90.983606557377
3202869 2955762 90.983606557377


2240627 3838099 91.0891089108911
2240727 3837999 91.0891089108911


3837945 2240738 91.0891089108911
3838045 2240638 91.0891089108911


2368170 2955886 91.1504424778761
2368282 2955774 91.1504424778761


2955752 2368293 91.1504424778761
2955864 2368181 91.1504424778761


3636391 3127914 91.1764705882353
3636525 3127780 91.1764705882353


2224780 2478793 91.3385826771654
2224905 2478669 91.3385826771654


2478658 2224916 91.3385826771654
2478782 2224791 91.3385826771654


2240624 2955877 91.3461538461538
2240726 2955775 91.3461538461538


2955753 2240737 91.3461538461538
2955855 2240635 91.3461538461538


2233200 3838099 91.4285714285714
2233303 3837996 91.4285714285714


3837942 2233314 91.4285714285714
3838045 2233211 91.4285714285714


2013902 2478799 91.4728682170543
2014030 2478672 91.4728682170543


2478661 2014041 91.4728682170543
2478788 2013913 91.4728682170543


592798 3570064 91.6666666666667
592952 3569911 91.6666666666667


2224768 2635905 91.6666666666667
2224899 2635774 91.6666666666667


2635763 2224910 91.6666666666667
2635894 2224779 91.6666666666667


3569868 592952 91.6666666666667
3570021 592798 91.6666666666667


3232230 1019996 91.7647058823529
3232314 1019914 91.7647058823529


1637120 1833791 91.8250950570342
1637645 1833266 91.8250950570342


1833255 1637656 91.8250950570342
1833780 1637131 91.8250950570342


1065694 2635909 91.970802919708
1065829 2635774 91.970802919708


2013897 2635904 91.970802919708
2014033 2635768 91.970802919708


2635763 1065829 91.970802919708
2635898 1065694 91.970802919708


2635757 2014044 91.970802919708
2635893 2013908 91.970802919708


2233188 2955886 92.0353982300885
2233299 2955775 92.0353982300885


2955753 2233310 92.0353982300885
2955864 2233199 92.0353982300885


2013915 2368293 92.1052631578947
2014028 2368180 92.1052631578947


2368169 2014039 92.1052631578947
2368282 2013926 92.1052631578947


2840503 3570050 92.1259842519685
2840627 3569925 92.1259842519685


3569882 2840649 92.1259842519685
3570007 2840525 92.1259842519685


820953 1332629 92.2131147540984
821192 1332386 92.2131147540984


1332375 821192 92.2131147540984
1332618 820953 92.2131147540984


2488867 3229510 92.280701754386
2489150 3229227 92.280701754386


2488966 3229511 92.5531914893617
2489152 3229325 92.5531914893617


2955753 4259906 92.5925925925926
2955859 4259800 92.5925925925926


4259746 2955881 92.5925925925926
4259852 2955775 92.5925925925926


1332255 820953 92.8571428571429
1332436 820776 92.8571428571429


820700 1332705 92.9545454545455
821131 1332266 92.9545454545455


1332255 821131 92.9545454545455
1332694 820700 92.9545454545455


2233188 3570051 93.9655172413793
2233303 3569936 93.9655172413793


3569893 2233314 93.9655172413793
3570008 2233199 93.9655172413793


218897 4371958 94.1176470588235
218980 4371874 94.1176470588235


4371820 218980 94.1176470588235
4371904 218897 94.1176470588235


556980 1824060 94.1216678058783
558441 1822599 94.1216678058783


1822588 558441 94.1216678058783
1824049 556980 94.1216678058783


1309052 2203127 94.4954128440367
1309160 2203021 94.4954128440367


2203010 1309160 94.4954128440367
2203116 1309052 94.4954128440367


3569897 4259906 94.5454545454545
3570006 4259797 94.5454545454545


4259743 3570049 94.5454545454545
4259852 3569940 94.5454545454545


831742 1126652 95.0381679389313
832003 1126391 95.0381679389313


1126391 832003 95.0381679389313
1126652 831742 95.0381679389313


569168 2263033 95.0506186726659
570056 2262145 95.0506186726659


2262134 570056 95.0506186726659
2263022 569168 95.0506186726659


554702 1826374 95.0856291883842
556041 1825032 95.0856291883842


1825021 556041 95.0856291883842
1826363 554702 95.0856291883842


4259745 3190830 96.2962962962963
4259852 3190723 96.2962962962963


242694 570055 96.3346613545817
243948 568801 96.3346613545817


568801 243948 96.3346613545817
570055 242694 96.3346613545817


568789 2262145 96.6744006187162
570081 2260854 96.6744006187162


2260843 570081 96.6744006187162
2262134 568789 96.6744006187162


571986 1720082 96.7804249839021
573519 1718531 96.7804249839021


1718520 573519 96.7804249839021
1720071 571986 96.7804249839021


1306667 1310983 97.1153846153846
1306770 1310880 97.1153846153846


1310880 1306770 97.1153846153846
1310983 1306667 97.1153846153846


569170 1727622 97.5850713501647
570080 1726712 97.5850713501647


1726701 570080 97.5850713501647
1727611 569170 97.5850713501647


568790 3556255 97.6006191950464
570081 3554964 97.6006191950464


3554921 570081 97.6006191950464
3556212 568790 97.6006191950464


231675 3351482 97.6923076923077
231804 3351353 97.6923076923077


3351310 231804 97.6923076923077
3351439 231675 97.6923076923077


3351310 3908678 97.7099236641221
3351440 3908548 97.7099236641221


3908494 3351483 97.7099236641221
3908624 3351353 97.7099236641221


1642322 1826362 97.8813559322034
1642793 1825891 97.8813559322034


1825880 1642804 97.8813559322034
1826351 1642333 97.8813559322034


1644623 1822988 98.2424515547544
1646841 1820772 98.2424515547544


1820761 1646852 98.2424515547544
1822977 1644634 98.2424515547544


231675 3351727 98.5185185185185
231809 3351593 98.5185185185185


3351550 231809 98.5185185185185
3351684 231675 98.5185185185185


3944406 4595585 98.8505747126437
3944492 4595499 98.8505747126437


4595434 3944546 98.8505747126437
4595520 3944460 98.8505747126437


3905389 4362031 98.8569562377531
3908440 4358972 98.8569562377531


4358918 3908494 98.8569562377531
4361977 3905443 98.8569562377531


3351550 3908683 99.0467404674047
3354801 3905443 99.0467404674047


3905389 3354844 99.0467404674047
3908629 3351593 99.0467404674047


228475 4229507 99.0861618798956
231527 4226445 99.0861618798956


4226391 231527 99.0861618798956
4229453 228475 99.0861618798956


1306660 2203112 99.0990990990991
1306770 2203002 99.0990990990991


2202991 1306770 99.0990990990991
2203101 1306660 99.0990990990991


376741 2618814 99.1071428571429
377524 2618033 99.1071428571429


2618022 377524 99.1071428571429
2618803 376741 99.1071428571429


226375 3356946 99.1290884459067
231527 3351782 99.1290884459067


3351739 231527 99.1290884459067
3356903 226375 99.1290884459067


226463 4364043 99.1789512968837
231811 4358688 99.1789512968837


4358634 231811 99.1789512968837
4363989 226463 99.1789512968837


3903255 4231641 99.1835219892373
3908631 4226254 99.1835219892373


4226200 3908685 99.1835219892373
4231587 3903309 99.1835219892373


3903249 4364263 99.184505606524
3905209 4362304 99.184505606524


4362250 3905263 99.184505606524
4364209 3903303 99.184505606524


226463 4231427 99.4246260069045
228199 4229691 99.4246260069045


4229637 228199 99.4246260069045
4231373 226463 99.4246260069045


3355074 3905263 99.4259471871412
3356813 3903523 99.4259471871412


3903469 3356856 99.4259471871412
3905209 3355117 99.4259471871412


226305 4190373 99.4739610731194
228202 4188473 99.4739610731194


4188419 228202 99.4739610731194
4190319 226305 99.4739610731194


633971 2683403 99.4838709677419
634745 2682630 99.4838709677419


2682608 634745 99.4838709677419
2683381 633971 99.4838709677419


262790 619886 99.4865211810013
263568 619108 99.4865211810013


619108 263568 99.4865211810013
619886 262790 99.4865211810013


226463 2652732 99.5979322228604
228202 2650992 99.5979322228604


2650970 228202 99.5979322228604
2652710 226463 99.5979322228604


353264 4551511 99.609375
354031 4550744 99.609375


353264 1163942 99.609375
354031 1163175 99.609375


376749 1414860 99.609375
377516 1414093 99.609375


376749 4551511 99.609375
377516 4550744 99.609375


376749 2683397 99.609375
377516 2682630 99.609375


619117 2683397 99.609375
619884 2682630 99.609375


619117 2618806 99.609375
619884 2618040 99.609375


633978 4551511 99.609375
634745 4550744 99.609375


633978 1163942 99.609375
634745 1163175 99.609375


633978 2618806 99.609375
634745 2618040 99.609375


1163175 634745 99.609375
1163942 633978 99.609375


1163175 354031 99.609375
1163942 353264 99.609375


1177639 4551511 99.609375
1178406 4550744 99.609375


1177639 1414860 99.609375
1178406 1414093 99.609375


1177639 2683397 99.609375
1178406 2682630 99.609375


1177639 2618806 99.609375
1178406 2618040 99.609375


1271913 3742008 99.609375
1272680 3741241 99.609375


1271913 4522403 99.609375
1272680 4521636 99.609375


1271913 4506174 99.609375
1272680 4505407 99.609375


1414082 1178406 99.609375
1414849 1177639 99.609375


1414082 377516 99.609375
1414849 376749 99.609375


2618029 1178406 99.609375
2618795 1177639 99.609375


2618029 619884 99.609375
2618795 619117 99.609375


2618029 634745 99.609375
2618795 633978 99.609375


2682608 619884 99.609375
2683375 619117 99.609375


2682608 377516 99.609375
2683375 376749 99.609375


2682608 1178406 99.609375
2683375 1177639 99.609375


3741198 1272680 99.609375
3741965 1271913 99.609375


4505342 1272680 99.609375
4506109 1271913 99.609375


4521571 1272680 99.609375
4522338 1271913 99.609375


4550679 1178406 99.609375
4551446 1177639 99.609375


4550679 377516 99.609375
4551446 376749 99.609375


4550679 354031 99.609375
4551446 353264 99.609375


4550679 634745 99.609375
4551446 633978 99.609375


353263 1414861 99.6098829648895
354031 1414093 99.6098829648895


353264 2618806 99.6098829648895
354032 2618039 99.6098829648895


376748 1163943 99.6098829648895
377516 1163175 99.6098829648895


619116 1163943 99.6098829648895
619884 1163175 99.6098829648895


619117 4551511 99.6098829648895
619885 4550743 99.6098829648895


619117 1414860 99.6098829648895
619885 1414092 99.6098829648895


1163175 619884 99.6098829648895
1163943 619116 99.6098829648895


1163175 377516 99.6098829648895
1163943 376748 99.6098829648895


1271912 2822977 99.6098829648895
1272680 2822209 99.6098829648895


1271912 3024735 99.6098829648895
1272680 3023967 99.6098829648895


1414081 619885 99.6098829648895
1414849 619117 99.6098829648895


1414082 354031 99.6098829648895
1414850 353263 99.6098829648895


2618028 354032 99.6098829648895
2618795 353264 99.6098829648895


2618028 3434273 99.6098829648895
2618795 3433505 99.6098829648895


2822187 1272680 99.6098829648895
2822955 1271912 99.6098829648895


3023945 1272680 99.6098829648895
3024713 1271912 99.6098829648895


3433462 2618806 99.6098829648895
3434230 2618039 99.6098829648895


4550678 619885 99.6098829648895
4551446 619117 99.6098829648895


633975 1414863 99.6108949416342
634745 1414093 99.6108949416342


1163174 1178407 99.6108949416342
1163944 1177637 99.6108949416342


1177637 1163944 99.6108949416342
1178407 1163174 99.6108949416342


1414082 634745 99.6108949416342
1414852 633975 99.6108949416342


353261 2683400 99.6113989637306
354032 2682629 99.6113989637306


1543188 3024734 99.6113989637306
1543959 3023963 99.6113989637306


2682607 354032 99.6113989637306
2683378 353261 99.6113989637306


3023941 1543970 99.6113989637306
3024712 1543199 99.6113989637306


1043498 4506175 99.6119016817594
1044270 4505403 99.6119016817594


4505338 1044270 99.6119016817594
4506110 1043498 99.6119016817594


353258 899570 99.6124031007752
354031 898797 99.6124031007752


898797 354031 99.6124031007752
899570 353258 99.6124031007752


2682601 4522409 99.6129032258064
2683375 4521636 99.6129032258064


4521571 2683397 99.6129032258064
4522344 2682623 99.6129032258064


553354 1828394 99.7037037037037
554703 1827046 99.7037037037037


1827035 554703 99.7037037037037
1828383 553354 99.7037037037037


23291 2822976 99.7395833333333
24058 2822209 99.7395833333333


23291 3024734 99.7395833333333
24058 3023967 99.7395833333333


241257 354031 99.7395833333333
242024 353264 99.7395833333333


241257 634745 99.7395833333333
242024 633978 99.7395833333333


262792 377516 99.7395833333333
263559 376749 99.7395833333333


262792 634745 99.7395833333333
263559 633978 99.7395833333333


262792 3434272 99.7395833333333
263559 3433505 99.7395833333333


262792 354031 99.7395833333333
263559 353264 99.7395833333333


262792 1178406 99.7395833333333
263559 1177639 99.7395833333333


353264 263559 99.7395833333333
354031 262792 99.7395833333333


353264 242024 99.7395833333333
354031 241257 99.7395833333333


376749 263559 99.7395833333333
377516 262792 99.7395833333333


376749 899564 99.7395833333333
377516 898797 99.7395833333333


546932 2683397 99.7395833333333
547699 2682630 99.7395833333333


546932 4551511 99.7395833333333
547699 4550744 99.7395833333333


546932 1414860 99.7395833333333
547699 1414093 99.7395833333333


546932 2618806 99.7395833333333
547699 2618040 99.7395833333333


589555 1163942 99.7395833333333
590322 1163175 99.7395833333333


589555 2683397 99.7395833333333
590322 2682630 99.7395833333333


589555 4551511 99.7395833333333
590322 4550744 99.7395833333333


589555 1414860 99.7395833333333
590322 1414093 99.7395833333333


619117 899564 99.7395833333333
619884 898797 99.7395833333333


633978 263559 99.7395833333333
634745 262792 99.7395833333333


633978 242024 99.7395833333333
634745 241257 99.7395833333333


898797 377516 99.7395833333333
899564 376749 99.7395833333333


898797 619884 99.7395833333333
899564 619117 99.7395833333333


1043499 2822976 99.7395833333333
1044266 2822209 99.7395833333333


1043499 3024734 99.7395833333333
1044266 3023967 99.7395833333333


1163175 590322 99.7395833333333
1163942 589555 99.7395833333333


1177639 263559 99.7395833333333
1178406 262792 99.7395833333333


1271913 3434272 99.7395833333333
1272680 3433505 99.7395833333333


1414082 547699 99.7395833333333
1414849 546932 99.7395833333333


1414082 590322 99.7395833333333
1414849 589555 99.7395833333333


1543188 2822976 99.7395833333333
1543955 2822209 99.7395833333333


1680627 4506174 99.7395833333333
1681394 4505407 99.7395833333333


1680627 4522403 99.7395833333333
1681394 4521636 99.7395833333333


1680627 3742008 99.7395833333333
1681394 3741241 99.7395833333333


2193739 4506174 99.7395833333333
2194506 4505407 99.7395833333333


2618029 547699 99.7395833333333
2618795 546932 99.7395833333333


2682608 590322 99.7395833333333
2683375 589555 99.7395833333333


2682608 2822976 99.7395833333333
2683375 2822209 99.7395833333333


2682608 3024734 99.7395833333333
2683375 3023967 99.7395833333333


2682608 547699 99.7395833333333
2683375 546932 99.7395833333333


2822187 1543966 99.7395833333333
2822954 1543199 99.7395833333333


2822187 2683397 99.7395833333333
2822954 2682630 99.7395833333333


2822187 24058 99.7395833333333
2822954 23291 99.7395833333333


2822187 1044266 99.7395833333333
2822954 1043499 99.7395833333333


3023945 1044266 99.7395833333333
3024712 1043499 99.7395833333333


3023945 2683397 99.7395833333333
3024712 2682630 99.7395833333333


3023945 24058 99.7395833333333
3024712 23291 99.7395833333333


3433462 263559 99.7395833333333
3434229 262792 99.7395833333333


3433462 1272680 99.7395833333333
3434229 1271913 99.7395833333333


3741198 1681405 99.7395833333333
3741965 1680638 99.7395833333333


4505342 1681405 99.7395833333333
4506109 1680638 99.7395833333333


4505342 2194517 99.7395833333333
4506109 2193750 99.7395833333333


4521571 1681405 99.7395833333333
4522338 1680638 99.7395833333333


4550679 590322 99.7395833333333
4551446 589555 99.7395833333333


4550679 547699 99.7395833333333
4551446 546932 99.7395833333333


241257 377516 99.739921976593
242025 376748 99.739921976593


241257 619884 99.739921976593
242025 619116 99.739921976593


376748 242025 99.739921976593
377516 241257 99.739921976593


546931 1163943 99.739921976593
547699 1163175 99.739921976593


619116 242025 99.739921976593
619884 241257 99.739921976593


633977 899565 99.739921976593
634745 898797 99.739921976593


898796 1178407 99.739921976593
899564 1177639 99.739921976593


898797 634745 99.739921976593
899565 633977 99.739921976593


1043498 4522404 99.739921976593
1044266 4521636 99.739921976593


1043498 3742009 99.739921976593
1044266 3741241 99.739921976593


1163175 547699 99.739921976593
1163943 546931 99.739921976593


1177639 899564 99.739921976593
1178407 898796 99.739921976593


1543187 4522404 99.739921976593
1543955 4521636 99.739921976593


1543187 3742009 99.739921976593
1543955 3741241 99.739921976593


1680626 3024735 99.739921976593
1681394 3023967 99.739921976593


1680626 2822977 99.739921976593
1681394 2822209 99.739921976593


2193739 3024734 99.739921976593
2194507 3023966 99.739921976593


2193739 3742008 99.739921976593
2194507 3741240 99.739921976593


2193739 2822976 99.739921976593
2194507 2822208 99.739921976593


2193739 4522403 99.739921976593
2194507 4521635 99.739921976593


2682607 3742009 99.739921976593
2683375 3741241 99.739921976593


2682607 4506175 99.739921976593
2683375 4505407 99.739921976593


2822186 2194518 99.739921976593
2822954 2193750 99.739921976593


2822187 1681405 99.739921976593
2822955 1680637 99.739921976593


3023944 2194518 99.739921976593
3024712 2193750 99.739921976593


3023945 1681405 99.739921976593
3024713 1680637 99.739921976593


3741197 2194518 99.739921976593
3741965 2193750 99.739921976593


3741198 1543966 99.739921976593
3741966 1543198 99.739921976593


3741198 1044266 99.739921976593
3741966 1043498 99.739921976593


3741198 2683397 99.739921976593
3741966 2682629 99.739921976593


4505342 2683397 99.739921976593
4506110 2682629 99.739921976593


4521570 2194518 99.739921976593
4522338 2193750 99.739921976593


4521571 1044266 99.739921976593
4522339 1043498 99.739921976593


4521571 1543966 99.739921976593
4522339 1543198 99.739921976593


23289 4522405 99.7402597402597
24058 4521636 99.7402597402597


23290 4506175 99.7402597402597
24059 4505406 99.7402597402597


241256 1178407 99.7402597402597
242025 1177638 99.7402597402597


1177638 242025 99.7402597402597
1178407 241256 99.7402597402597


2618027 4506176 99.7402597402597
2618795 4505407 99.7402597402597


2618028 4522404 99.7402597402597
2618796 4521635 99.7402597402597


2618029 2822976 99.7402597402597
2618797 2822207 99.7402597402597


2618029 3024734 99.7402597402597
2618797 3023965 99.7402597402597


2822185 2618808 99.7402597402597
2822954 2618040 99.7402597402597


3023943 2618808 99.7402597402597
3024712 2618040 99.7402597402597


4505341 24059 99.7402597402597
4506110 23290 99.7402597402597


4505342 2618806 99.7402597402597
4506111 2618038 99.7402597402597


4521571 24058 99.7402597402597
4522340 23289 99.7402597402597


4521570 2618807 99.7402597402597
4522339 2618039 99.7402597402597


23288 3742011 99.7405966277562
24058 3741241 99.7405966277562


589552 2618809 99.7405966277562
590322 2618040 99.7405966277562


1543187 4506175 99.7405966277562
1543957 4505405 99.7405966277562


2618028 3742009 99.7405966277562
2618797 3741239 99.7405966277562


2618029 590322 99.7405966277562
2618798 589552 99.7405966277562


3741198 24058 99.7405966277562
3741968 23288 99.7405966277562


3741196 2618808 99.7405966277562
3741966 2618039 99.7405966277562


4505340 1543968 99.7405966277562
4506110 1543198 99.7405966277562


241253 3742012 99.7409326424871
242024 3741241 99.7409326424871


3741198 242024 99.7409326424871
3741969 241253 99.7409326424871


619116 1044267 99.7412677878396
619888 1043495 99.7412677878396


1043495 619888 99.7412677878396
1044267 619116 99.7412677878396


1177639 1543966 99.7412677878396
1178411 1543195 99.7412677878396


1543184 1178411 99.7412677878396
1543955 1177639 99.7412677878396


429491 2774228 99.7785977859779
430845 2772875 99.7785977859779


2772853 430845 99.7785977859779
2774206 429491 99.7785977859779


228475 2650812 99.8362266622994
231527 2647761 99.8362266622994


2647739 231527 99.8362266622994
2650790 228475 99.8362266622994


1330997 2883988 99.8411437648928
1332255 2882730 99.8411437648928


2882708 1332266 99.8411437648928
2883966 1331008 99.8411437648928


23291 634745 99.8697916666667
24058 633978 99.8697916666667


23291 1178406 99.8697916666667
24058 1177639 99.8697916666667


23291 377516 99.8697916666667
24058 376749 99.8697916666667


23291 619884 99.8697916666667
24058 619117 99.8697916666667


241257 4522403 99.8697916666667
242024 4521636 99.8697916666667


241257 4506174 99.8697916666667
242024 4505407 99.8697916666667


241257 590322 99.8697916666667
242024 589555 99.8697916666667


262792 4506174 99.8697916666667
263559 4505407 99.8697916666667


262792 547699 99.8697916666667
263559 546932 99.8697916666667


353264 2194517 99.8697916666667
354031 2193750 99.8697916666667


376749 1681405 99.8697916666667
377516 1680638 99.8697916666667


376749 1543966 99.8697916666667
377516 1543199 99.8697916666667


376749 24058 99.8697916666667
377516 23291 99.8697916666667


546932 899564 99.8697916666667
547699 898797 99.8697916666667


546932 263559 99.8697916666667
547699 262792 99.8697916666667


589555 242024 99.8697916666667
590322 241257 99.8697916666667


589555 899564 99.8697916666667
590322 898797 99.8697916666667


589555 1272680 99.8697916666667
590322 1271913 99.8697916666667


619117 24058 99.8697916666667
619884 23291 99.8697916666667


619117 1543966 99.8697916666667
619884 1543199 99.8697916666667


619117 1681405 99.8697916666667
619884 1680638 99.8697916666667


619117 2194517 99.8697916666667
619884 2193750 99.8697916666667


633978 1044266 99.8697916666667
634745 1043499 99.8697916666667


633978 1543966 99.8697916666667
634745 1543199 99.8697916666667


633978 24058 99.8697916666667
634745 23291 99.8697916666667


898797 4506174 99.8697916666667
899564 4505407 99.8697916666667


898797 4522403 99.8697916666667
899564 4521636 99.8697916666667


898797 547699 99.8697916666667
899564 546932 99.8697916666667


898797 590322 99.8697916666667
899564 589555 99.8697916666667


898797 3742008 99.8697916666667
899564 3741241 99.8697916666667


1043499 634745 99.8697916666667
1044266 633978 99.8697916666667


1163175 3434272 99.8697916666667
1163942 3433505 99.8697916666667


1177639 24058 99.8697916666667
1178406 23291 99.8697916666667


1177639 2194517 99.8697916666667
1178406 2193750 99.8697916666667


1271913 590322 99.8697916666667
1272680 589555 99.8697916666667


1543188 634745 99.8697916666667
1543955 633978 99.8697916666667


1543188 377516 99.8697916666667
1543955 376749 99.8697916666667


1543188 619884 99.8697916666667
1543955 619117 99.8697916666667


1680627 619884 99.8697916666667
1681394 619117 99.8697916666667


1680627 377516 99.8697916666667
1681394 376749 99.8697916666667


2193739 619884 99.8697916666667
2194506 619117 99.8697916666667


2193739 3434272 99.8697916666667
2194506 3433505 99.8697916666667


2193739 354031 99.8697916666667
2194506 353264 99.8697916666667


2193739 1178406 99.8697916666667
2194506 1177639 99.8697916666667


3433462 4551511 99.8697916666667
3434229 4550744 99.8697916666667


3433462 2194517 99.8697916666667
3434229 2193750 99.8697916666667


3433462 1163942 99.8697916666667
3434229 1163175 99.8697916666667


3741198 899564 99.8697916666667
3741965 898797 99.8697916666667


4505342 263559 99.8697916666667
4506109 262792 99.8697916666667


4505342 242024 99.8697916666667
4506109 241257 99.8697916666667


4505342 899564 99.8697916666667
4506109 898797 99.8697916666667


4521571 242024 99.8697916666667
4522338 241257 99.8697916666667


4521571 899564 99.8697916666667
4522338 898797 99.8697916666667


4550679 3434272 99.8697916666667
4551446 3433505 99.8697916666667


23290 354032 99.8699609882965
24058 353264 99.8699609882965


23290 3434273 99.8699609882965
24058 3433505 99.8699609882965


241256 2822977 99.8699609882965
242024 2822209 99.8699609882965


241256 3024735 99.8699609882965
242024 3023967 99.8699609882965


262792 4522403 99.8699609882965
263560 4521635 99.8699609882965


262792 3742008 99.8699609882965
263560 3741240 99.8699609882965


262792 3024734 99.8699609882965
263560 3023966 99.8699609882965


262792 590322 99.8699609882965
263560 589554 99.8699609882965


262792 2822976 99.8699609882965
263560 2822208 99.8699609882965


353263 1681406 99.8699609882965
354031 1680638 99.8699609882965


353264 24058 99.8699609882965
354032 23290 99.8699609882965


376749 2194517 99.8699609882965
377517 2193749 99.8699609882965


589554 263560 99.8699609882965
590322 262792 99.8699609882965


633977 1681406 99.8699609882965
634745 1680638 99.8699609882965


633978 2194517 99.8699609882965
634746 2193749 99.8699609882965


898796 3024735 99.8699609882965
899564 3023967 99.8699609882965


898796 2822977 99.8699609882965
899564 2822209 99.8699609882965


1043498 3434273 99.8699609882965
1044266 3433505 99.8699609882965


1043499 1178406 99.8699609882965
1044267 1177638 99.8699609882965


1177638 1044267 99.8699609882965
1178406 1043499 99.8699609882965


1177639 1681405 99.8699609882965
1178407 1680637 99.8699609882965


1414082 3434272 99.8699609882965
1414850 3433504 99.8699609882965


1543187 3434273 99.8699609882965
1543955 3433505 99.8699609882965


1680626 1178407 99.8699609882965
1681394 1177639 99.8699609882965


1680627 634745 99.8699609882965
1681395 633977 99.8699609882965


1680627 354031 99.8699609882965
1681395 353263 99.8699609882965


2193738 377517 99.8699609882965
2194506 376749 99.8699609882965


2193738 634746 99.8699609882965
2194506 633978 99.8699609882965


2822186 263560 99.8699609882965
2822954 262792 99.8699609882965


2822187 899564 99.8699609882965
2822955 898796 99.8699609882965


2822187 242024 99.8699609882965
2822955 241256 99.8699609882965


3023944 263560 99.8699609882965
3024712 262792 99.8699609882965


3023945 242024 99.8699609882965
3024713 241256 99.8699609882965


3023945 899564 99.8699609882965
3024713 898796 99.8699609882965


3433461 1414861 99.8699609882965
3434229 1414093 99.8699609882965


3433462 24058 99.8699609882965
3434230 23290 99.8699609882965


3433462 1044266 99.8699609882965
3434230 1043498 99.8699609882965


3433462 1543966 99.8699609882965
3434230 1543198 99.8699609882965


3741197 263560 99.8699609882965
3741965 262792 99.8699609882965


4521570 263560 99.8699609882965
4522338 262792 99.8699609882965


241257 547699 99.8701298701299
242026 546930 99.8701298701299


353264 1044266 99.8701298701299
354033 1043497 99.8701298701299


353264 1543966 99.8701298701299
354033 1543197 99.8701298701299


