#-- reverse hits sorted by %sim
0 0 0
0 0 0


2928074 1052094 73.6196319018405
2928229 1051945 73.6196319018405


2928074 1052207 73.6196319018405
2928229 1052058 73.6196319018405


1051945 2487295 73.6196319018405
1052094 2487140 73.6196319018405


1052058 2487295 73.6196319018405
1052207 2487140 73.6196319018405


2928074 1052433 73.780487804878
2928229 1052284 73.780487804878


1052284 2487295 73.780487804878
1052433 2487140 73.780487804878


2928074 1052320 74.2331288343558
2928229 1052171 74.2331288343558


2928074 1052546 74.2331288343558
2928229 1052397 74.2331288343558


1052171 2487295 74.2331288343558
1052320 2487140 74.2331288343558


1052397 2487295 74.2331288343558
1052546 2487140 74.2331288343558


2488870 480882 76.5432098765432
2489101 480649 76.5432098765432


480649 4473313 76.6393442622951
480882 4473082 76.6393442622951


3164067 1517288 78.5425101214575
3164302 1517051 78.5425101214575


1742155 1638697 79.7191887675507
1743429 1637423 79.7191887675507


312405 349878 79.7619047619048
312563 349714 79.7619047619048


1635886 3829987 80.5882352941177
1636052 3829823 80.5882352941177


1845611 3620264 80.5882352941177
1845775 3620098 80.5882352941177


4051824 3870133 81.5384615384615
4053318 3868639 81.5384615384615


347480 3294060 81.7073170731707
347721 3293838 81.7073170731707


497030 3062551 81.7980022197558
497926 3061655 81.7980022197558


1722346 3062551 81.7980022197558
1723242 3061655 81.7980022197558


497030 2915554 82.2419533851276
497926 2914658 82.2419533851276


1722346 2915554 82.2419533851276
1723242 2914658 82.2419533851276


4603489 1879865 82.3529411764706
4603875 1879484 82.3529411764706


4603491 1879963 82.741116751269
4603880 1879579 82.741116751269


2368163 3084958 82.7868852459016
2368282 3084839 82.7868852459016


847218 3084958 82.9457364341085
847344 3084830 82.9457364341085


1502767 3719137 83.1372549019608
1503021 3718883 83.1372549019608


1734671 3487233 83.1372549019608
1734925 3486979 83.1372549019608


347485 1013147 83.5051546391753
347674 1012970 83.5051546391753


1012970 347674 83.5051546391753
1013147 347485 83.5051546391753


347485 1580841 83.8541666666667
347675 1580656 83.8541666666667


2368177 1928178 84.1121495327103
2368281 1928073 84.1121495327103


480649 1879963 84.2105263157895
480986 1879629 84.2105263157895


1504698 3717209 84.3575418994413
1505054 3716853 84.3575418994413


1732641 3489266 84.3575418994413
1732997 3488910 84.3575418994413


1012970 1879717 84.4559585492228
1013147 1879529 84.4559585492228


3605613 1065816 84.4961240310078
3605739 1065689 84.4961240310078


480648 1879764 84.6153846153846
480931 1879484 84.6153846153846


312405 1772878 84.6715328467153
312532 1772746 84.6715328467153


480648 1879664 84.6994535519126
480830 1879484 84.6994535519126


2351457 2366000 84.7222222222222
2351597 2365862 84.7222222222222


2806796 4335809 84.7222222222222
2806934 4335669 84.7222222222222


3569868 4224968 84.7222222222222
3570009 4224826 84.7222222222222


1746628 4620111 84.7826086956522
1746763 4619975 84.7826086956522


2635763 3730975 84.7826086956522
2635899 3730840 84.7826086956522


480648 1879864 84.8396501457726
480986 1879529 84.8396501457726


347478 349885 84.9056603773585
347687 349677 84.9056603773585


349677 347687 84.9056603773585
349885 347478 84.9056603773585


2840503 1065828 84.9624060150376
2840634 1065696 84.9624060150376


1065696 2399700 84.9624060150376
1065828 2399569 84.9624060150376


1012970 1879917 84.9740932642487
1013147 1879729 84.9740932642487


1012970 1879817 84.9740932642487
1013147 1879629 84.9740932642487


2240628 3008408 85.0393700787402
2240751 3008286 85.0393700787402


3671414 1928178 85.0467289719626
3671518 1928073 85.0467289719626


4024434 2942607 85.0467289719626
4024539 2942503 85.0467289719626


347485 480885 85.0622406639004
347721 480649 85.0622406639004


480649 347721 85.0622406639004
480885 347485 85.0622406639004


2224763 4224963 85.1063829787234
2224903 4224823 85.1063829787234


2240611 4209115 85.1063829787234
2240751 4208975 85.1063829787234


347485 1772976 85.4771784232365
347722 1772745 85.4771784232365


3232231 1879918 85.5555555555556
3232314 1879832 85.5555555555556


4072694 2720391 85.5555555555556
4072780 2720308 85.5555555555556


3010533 2157016 85.7142857142857
3010958 2156591 85.7142857142857


4179634 379694 85.781990521327
4179835 379484 85.781990521327


847230 1928179 85.981308411215
847335 1928073 85.981308411215


480750 347721 86
480993 347478 86


1746623 592952 86.0927152317881
1746771 592803 86.0927152317881


592803 3730983 86.0927152317881
592952 3730835 86.0927152317881


3320061 1013144 86.1111111111111
3320234 1012970 86.1111111111111


4269588 2365981 86.1111111111111
4269695 2365875 86.1111111111111


2840511 3008412 86.1538461538462
2840639 3008284 86.1538461538462


3529077 1928177 86.2068965517241
3529190 1928065 86.2068965517241


4024435 3084944 86.2068965517241
4024547 3084831 86.2068965517241


3605613 3730962 86.2385321100918
3605720 3730855 86.2385321100918


2806785 847366 86.25
2806941 847207 86.25


847207 2366007 86.25
847366 2365851 86.25


2575788 3084940 86.2745098039216
2575887 3084839 86.2745098039216


2478673 1683024 86.3247863247863
2478788 1682909 86.3247863247863


3232231 347675 86.3636363636364
3232314 347589 86.3636363636364


2575788 1928173 86.4077669902913
2575886 1928073 86.4077669902913


2233201 3008408 86.4077669902913
2233303 3008307 86.4077669902913


3320061 1803240 86.4406779661017
3320177 1803124 86.4406779661017


1746646 2399685 86.4406779661017
1746762 2399569 86.4406779661017


4149372 3293960 86.4406779661017
4149488 3293844 86.4406779661017


2840503 3730974 86.4406779661017
2840619 3730858 86.4406779661017


3605613 4209098 86.5079365079365
3605736 4208974 86.5079365079365


347478 480993 86.5671641791045
347674 480797 86.5671641791045


2351463 1065833 86.8613138686131
2351597 1065698 86.8613138686131


1065698 4335809 86.8613138686131
1065833 4335675 86.8613138686131


4603693 347721 86.9767441860465
4603902 347512 86.9767441860465


347512 1517361 86.9767441860465
347721 1517152 86.9767441860465


2478658 2365996 87.0229007633588
2478788 2365868 87.0229007633588


2806802 4463000 87.0229007633588
2806930 4462870 87.0229007633588


3605613 1683020 87.037037037037
3605717 1682916 87.037037037037


4269592 3008408 87.037037037037
4269696 3008304 87.037037037037


2635776 3008408 87.1212121212121
2635906 3008279 87.1212121212121


2224768 4335809 87.1428571428571
2224906 4335672 87.1428571428571


2351460 4209118 87.2340425531915
2351597 4208980 87.2340425531915


4179724 349887 87.248322147651
4179867 349743 87.248322147651


592824 1683020 87.3949579831933
592942 1682903 87.3949579831933


1746622 3044154 87.4172185430464
1746771 3044005 87.4172185430464


2774172 590739 87.5598086124402
2774583 590323 87.5598086124402


590323 2333649 87.5598086124402
590739 2333238 87.5598086124402


847212 1065841 87.5816993464052
847363 1065690 87.5816993464052


1065690 847363 87.5816993464052
1065841 847212 87.5816993464052


1065697 3044145 87.5862068965517
1065840 3044002 87.5862068965517


2233188 1065829 87.6106194690265
2233299 1065718 87.6106194690265


662662 1772900 87.6106194690265
662773 1772791 87.6106194690265


1065718 4217511 87.6106194690265
1065829 4217400 87.6106194690265


2583010 3294052 87.8136200716846
2583281 3293780 87.8136200716846


1126361 2780183 87.8472222222222
1126645 2779900 87.8472222222222


3636402 762303 87.8571428571429
3636541 762164 87.8571428571429


2240623 1683025 87.9032258064516
2240746 1682903 87.9032258064516


4179732 379694 87.9432624113475
4179866 379554 87.9432624113475


3837946 4335789 88
3838044 4335692 88


3605613 2514917 88.135593220339
3605728 2514802 88.135593220339


2351479 3008409 88.135593220339
2351595 3008293 88.135593220339


4269592 1065816 88.2352941176471
4269709 1065698 88.2352941176471


3172459 832012 88.3018867924528
3172722 831749 88.3018867924528


2583007 3293963 88.3116883116883
2583233 3293737 88.3116883116883


2233197 1683024 88.3495145631068
2233299 1682923 88.3495145631068


1490415 2983969 88.3838383838384
1490609 2983773 88.3838383838384


1490950 2983969 88.3838383838384
1491144 2983773 88.3838383838384


2840515 1683020 88.4955752212389
2840626 1682909 88.4955752212389


1490391 2984476 88.5167464114833
1490596 2984270 88.5167464114833


1490926 2984476 88.5167464114833
1491131 2984270 88.5167464114833


3671414 1692864 88.5714285714286
3671518 1692760 88.5714285714286


4259748 2942607 88.5714285714286
4259852 2942503 88.5714285714286


2224767 2399699 88.6363636363636
2224898 2399569 88.6363636363636


2840503 4209110 88.6363636363636
2840633 4208979 88.6363636363636


2240610 1065834 88.6524822695035
2240750 1065694 88.6524822695035


1065694 4224962 88.6524822695035
1065834 4224822 88.6524822695035


847233 1683024 88.7096774193548
847355 1682903 88.7096774193548


2840506 2749874 88.7096774193548
2840627 2749752 88.7096774193548


347586 1803243 88.7640449438202
347673 1803159 88.7640449438202


4269592 4209098 88.785046728972
4269696 4208993 88.785046728972


2840503 2514929 88.8
2840626 2514806 88.8


2955740 2399692 88.8
2955863 2399569 88.8


592800 1065840 88.8157894736842
592950 1065690 88.8157894736842


1065690 592950 88.8157894736842
1065840 592800 88.8157894736842


347579 349885 88.8888888888889
347730 349735 88.8888888888889


349735 347730 88.8888888888889
349885 347579 88.8888888888889


2351480 2514917 88.9830508474576
2351595 2514802 88.9830508474576


2955736 4335807 88.9830508474576
2955851 4335692 88.9830508474576


2635757 462142 89.051094890511
2635893 462006 89.051094890511


462006 4620105 89.051094890511
462142 4619969 89.051094890511


592824 3008408 89.0625
592950 3008283 89.0625


2013886 2686959 89.1472868217054
2014014 2686831 89.1472868217054


2351480 1683020 89.1666666666667
2351598 1682902 89.1666666666667


1637953 3816974 89.2733564013841
1638530 3816397 89.2733564013841


1832185 3622742 89.2733564013841
1832762 3622165 89.2733564013841


461997 592950 89.3617021276596
462136 592811 89.3617021276596


592811 462136 89.4366197183099
592950 461997 89.4366197183099


3569877 4335809 89.4366197183099
3570018 4335669 89.4366197183099


1332020 1418035 89.4957983193277
1332254 1417801 89.4957983193277


4504342 3316466 89.4957983193277
4504576 3316232 89.4957983193277


3837942 592926 89.5238095238095
3838045 592823 89.5238095238095


4269588 2514921 89.5238095238095
4269690 2514818 89.5238095238095


1838329 546109 89.7009966777409
1838628 545809 89.7009966777409


545809 3822840 89.7009966777409
546109 3822541 89.7009966777409


2224762 592948 89.7260273972603
2224906 592804 89.7260273972603


2224762 3044149 89.7260273972603
2224906 3044006 89.7260273972603


592804 4209118 89.7260273972603
592948 4208974 89.7260273972603


1833595 549083 89.7435897435898
1833828 548851 89.7435897435898


3265675 762303 89.7435897435898
3265791 762187 89.7435897435898


548851 3818040 89.7435897435898
549083 3817807 89.7435897435898


2635753 2749888 89.8550724637681
2635889 2749752 89.8550724637681


4179636 1517287 89.873417721519
4179866 1517051 89.873417721519


2635776 1683020 89.9159663865546
2635894 1682903 89.9159663865546


1065718 2114666 90
1065817 2114567 90


2635763 2514930 90
2635892 2514802 90


847231 2942607 90
847350 2942488 90


2955736 4620104 90
2955864 4619975 90


3636391 847364 90.1315789473684
3636541 847214 90.1315789473684


4072749 347721 90.2040816326531
4072990 347478 90.2040816326531


2575788 2942602 90.2912621359223
2575888 2942501 90.2912621359223


4179636 1517186 90.295358649789
4179866 1516950 90.295358649789


4072849 347721 90.3361344537815
4073083 347485 90.3361344537815


4072649 347721 90.3765690376569
4072883 347485 90.3765690376569


3837942 2399682 90.3846153846154
3838045 2399580 90.3846153846154


3837942 4620090 90.3846153846154
3838045 4619987 90.3846153846154


3009320 2158493 90.4132231404959
3010525 2157297 90.4132231404959


2368169 1065830 90.4347826086957
2368282 1065717 90.4347826086957


1065717 4352494 90.4347826086957
1065830 4352381 90.4347826086957


3569873 4620111 90.5797101449275
3570008 4619975 90.5797101449275


2224784 4217515 90.5982905982906
2224899 4217400 90.5982905982906


2233188 4209111 90.5982905982906
2233303 4208996 90.5982905982906


2822187 1417730 90.625
2822954 1416963 90.625


3023945 1417730 90.625
3024712 1416963 90.625


4503504 2382020 90.625
4504271 2381253 90.625


4503504 2583778 90.625
4504271 2583011 90.625


4503503 1419569 90.6371911573472
4504271 1418801 90.6371911573472


4505342 1417730 90.6371911573472
4506110 1416962 90.6371911573472


4503502 1435799 90.6493506493507
4504271 1435030 90.6493506493507


4521571 1417730 90.6493506493507
4522340 1416961 90.6493506493507


3741198 1417730 90.6614785992218
3741968 1416960 90.6614785992218


4072689 1019999 90.7407407407407
4072795 1019899 90.7407407407407


4503504 619884 90.7552083333333
4504271 619117 90.7552083333333


4503504 1178406 90.7552083333333
4504271 1177639 90.7552083333333


4503504 377516 90.7552083333333
4504271 376749 90.7552083333333


376749 1417730 90.7552083333333
377516 1416963 90.7552083333333


619117 1417730 90.7552083333333
619884 1416963 90.7552083333333


1177639 1417730 90.7552083333333
1178406 1416963 90.7552083333333


4503503 354032 90.7792207792208
4504272 353263 90.7792207792208


4503504 634745 90.7792207792208
4504273 633976 90.7792207792208


353263 1417731 90.7792207792208
354032 1416962 90.7792207792208


633976 1417732 90.7792207792208
634745 1416963 90.7792207792208


3433461 1417731 90.7792207792208
3434230 1416962 90.7792207792208


2955736 592940 90.8396946564885
2955864 592811 90.8396946564885


592811 2514930 90.8396946564885
592940 2514802 90.8396946564885


4503504 590322 90.8854166666667
4504271 589555 90.8854166666667


4503504 547699 90.8854166666667
4504271 546932 90.8854166666667


546932 1417730 90.8854166666667
547699 1416963 90.8854166666667


589555 1417730 90.8854166666667
590322 1416963 90.8854166666667


2013897 592941 90.9090909090909
2014038 592800 90.9090909090909


2478670 2514924 90.9090909090909
2478788 2514806 90.9090909090909


592800 3998250 90.9090909090909
592941 3998109 90.9090909090909


2955740 4463000 90.9090909090909
2955858 4462882 90.9090909090909


3202749 2514925 90.983606557377
3202869 2514806 90.983606557377


2955753 2114666 91
2955852 2114567 91


3837945 4224939 91.0891089108911
3838045 4224839 91.0891089108911


2368170 2514930 91.1504424778761
2368282 2514818 91.1504424778761


2955752 4352494 91.1504424778761
2955864 4352382 91.1504424778761


3636391 2686958 91.1764705882353
3636525 2686824 91.1764705882353


3265664 2977630 91.1764705882353
3265798 2977496 91.1764705882353


1489880 2983486 91.304347826087
1490061 2983304 91.304347826087


1490415 2983486 91.304347826087
1490596 2983304 91.304347826087


1490950 2983486 91.304347826087
1491131 2983304 91.304347826087


2224780 4462994 91.3385826771654
2224905 4462870 91.3385826771654


2478658 4209117 91.3385826771654
2478782 4208992 91.3385826771654


2240624 2514921 91.3461538461538
2240726 2514819 91.3461538461538


2955753 4224938 91.3461538461538
2955855 4224836 91.3461538461538


3837942 4217515 91.4285714285714
3838045 4217412 91.4285714285714


2013902 4463000 91.4728682170543
2014030 4462873 91.4728682170543


2478661 3998242 91.4728682170543
2478788 3998114 91.4728682170543


2368177 2942607 91.5094339622642
2368282 2942502 91.5094339622642


3569868 592952 91.6666666666667
3570021 592798 91.6666666666667


2224768 4620106 91.6666666666667
2224899 4619975 91.6666666666667


2635763 4209111 91.6666666666667
2635894 4208980 91.6666666666667


3232230 1019996 91.7647058823529
3232314 1019914 91.7647058823529


1637120 3817992 91.8250950570342
1637645 3817467 91.8250950570342


1833255 3621857 91.8250950570342
1833780 3621332 91.8250950570342


2635763 1065829 91.970802919708
2635898 1065694 91.970802919708


1065694 4620110 91.970802919708
1065829 4619975 91.970802919708


2013897 4620105 91.970802919708
2014033 4619969 91.970802919708


2635757 3998245 91.970802919708
2635893 3998109 91.970802919708


2233188 2514930 92.0353982300885
2233299 2514819 92.0353982300885


2955753 4217511 92.0353982300885
2955864 4217400 92.0353982300885


2013915 4352494 92.1052631578947
2014028 4352381 92.1052631578947


2368169 3998240 92.1052631578947
2368282 3998127 92.1052631578947


3569882 2399693 92.1259842519685
3570007 2399569 92.1259842519685


1332375 821192 92.2131147540984
1332618 820953 92.2131147540984


820953 3316830 92.2131147540984
821192 3316587 92.2131147540984


2488867 2788554 92.280701754386
2489150 2788271 92.280701754386


2488966 2788555 92.5531914893617
2489152 2788369 92.5531914893617


4259746 2514925 92.5925925925926
4259852 2514819 92.5925925925926


1332255 820953 92.8571428571429
1332436 820776 92.8571428571429


2995973 1916260 92.8571428571429
2996210 1916023 92.8571428571429


1332255 821131 92.9545454545455
1332694 820700 92.9545454545455


820700 3316906 92.9545454545455
821131 3316467 92.9545454545455


2224784 2114670 93.2692307692308
2224887 2114567 93.2692307692308


3569893 2114670 93.3333333333333
3569996 2114567 93.3333333333333


3837942 3044128 93.3333333333333
3838045 3044025 93.3333333333333


2255856 2912130 93.6305732484076
2256326 2911661 93.6305732484076


2368172 1692869 93.6363636363636
2368281 1692760 93.6363636363636


2955740 3044138 93.7007874015748
2955864 3044013 93.7007874015748


2647478 1594052 93.8679245283019
2647684 1593842 93.8679245283019


3569893 4217515 93.9655172413793
3570008 4217400 93.9655172413793


4371820 218980 94.1176470588235
4371904 218897 94.1176470588235


1822588 558441 94.1216678058783
1824049 556980 94.1216678058783


556980 3808261 94.1216678058783
558441 3806800 94.1216678058783


2203010 1309160 94.4954128440367
2203116 1309052 94.4954128440367


1309052 4187328 94.4954128440367
1309160 4187222 94.4954128440367


2233190 1692869 94.5454545454545
2233299 1692760 94.5454545454545


831742 1126652 95.0381679389313
832003 1126391 95.0381679389313


1126391 832003 95.0381679389313
1126652 831742 95.0381679389313


2262134 570056 95.0506186726659
2263022 569168 95.0506186726659


569168 4247234 95.0506186726659
570056 4246346 95.0506186726659


1825021 556041 95.0856291883842
1826363 554702 95.0856291883842


554702 3810575 95.0856291883842
556041 3809233 95.0856291883842


2262134 3059075 95.3880764904387
2263022 3058187 95.3880764904387


2257727 2912130 95.3947368421053
2258182 2911676 95.3947368421053


3351298 1593983 95.7746478873239
3351439 1593842 95.7746478873239


4358629 3262723 95.7746478873239
4358770 3262582 95.7746478873239


3351298 1726417 95.8041958041958
3351440 1726275 95.8041958041958


2647543 3262723 95.8041958041958
2647685 3262581 95.8041958041958


4226195 3262723 95.8041958041958
4226337 3262581 95.8041958041958


2254829 2917262 96.0093896713615
2255254 2916837 96.0093896713615


3351106 1767906 96.1077844311377
3351439 1767573 96.1077844311377


4184706 3262915 96.1077844311377
4185039 3262582 96.1077844311377


1765059 3018354 96.2176509621765
1766562 3016851 96.2176509621765


3202748 1692867 96.2962962962963
3202855 1692760 96.2962962962963


4259745 2749874 96.2962962962963
4259852 2749767 96.2962962962963


242694 570055 96.3346613545817
243948 568801 96.3346613545817


568801 243948 96.3346613545817
570055 242694 96.3346613545817


242669 3059099 96.5625
243948 3057820 96.5625


2260843 570081 96.6744006187162
2262134 568789 96.6744006187162


568789 4246346 96.6744006187162
570081 4245055 96.6744006187162


1718520 573519 96.7804249839021
1720071 571986 96.7804249839021


571986 3704283 96.7804249839021
573519 3702732 96.7804249839021


1306667 1310983 97.1153846153846
1306770 1310880 97.1153846153846


1310880 1306770 97.1153846153846
1310983 1306667 97.1153846153846


2260842 3059101 97.215777262181
2262133 3057809 97.215777262181


1726701 570080 97.5850713501647
1727611 569170 97.5850713501647


569170 3711823 97.5850713501647
570080 3710913 97.5850713501647


2257161 3061447 97.5879396984925
2258155 3060453 97.5879396984925


3554921 570081 97.6006191950464
3556212 568790 97.6006191950464


1507505 1730032 97.6470588235294
1507589 1729948 97.6470588235294


1507799 1730032 97.6470588235294
1507883 1729948 97.6470588235294


2257161 2914450 97.6539589442815
2258183 2913428 97.6539589442815


3351310 231804 97.6923076923077
3351439 231675 97.6923076923077


2255255 3061482 97.7379830348728
2256315 3060422 97.7379830348728


1642322 3810563 97.8813559322034
1642793 3810092 97.8813559322034


1825880 3627005 97.8813559322034
1826351 3626534 97.8813559322034


2647543 1767714 97.887323943662
2647684 1767573 97.887323943662


2255251 2914489 97.9206049149338
2256308 2913432 97.9206049149338


1644623 3807189 98.2424515547544
1646841 3804973 98.2424515547544


1820761 3631053 98.2424515547544
1822977 3628835 98.2424515547544


2254946 3064142 98.3818770226537
2255254 3063834 98.3818770226537


1726701 3059099 98.4732824427481
1727617 3058183 98.4732824427481


3351550 231809 98.5185185185185
3351684 231675 98.5185185185185


3351550 1593976 98.5185185185185
3351684 1593842 98.5185185185185


4358636 3262471 98.5185185185185
4358770 3262337 98.5185185185185


3398048 1731606 98.8195615514334
3399233 1730421 98.8195615514334


4221006 3215973 98.8195615514334
4222191 3214788 98.8195615514334


3944406 1508979 98.8505747126437
3944492 1508893 98.8505747126437


2647739 1593694 98.8569562377531
2650790 1590635 98.8569562377531


3351739 1767425 98.9882506527415
3354801 1764373 98.9882506527415


4185187 3262282 98.9882506527415
4188239 3259220 98.9882506527415


2647549 3262472 99.0470335075315
2650790 3259220 99.0470335075315


2647516 1726444 99.0725282878872
2652893 1721056 99.0725282878872


4226391 231527 99.0861618798956
4229453 228475 99.0861618798956


2202991 1306770 99.0990990990991
2203101 1306660 99.0990990990991


1306660 4187313 99.0990990990991
1306770 4187203 99.0990990990991


2618022 377524 99.1071428571429
2618803 376741 99.1071428571429


376741 4603015 99.1071428571429
377524 4602234 99.1071428571429


2650970 1590362 99.1168831168831
2652893 1588440 99.1168831168831


3351739 231527 99.1290884459067
3356903 226375 99.1290884459067


4358634 231811 99.1789512968837
4363989 226463 99.1789512968837


3351555 1767702 99.2307692307692
3351684 1767573 99.2307692307692


4184910 3262466 99.2307692307692
4185039 3262337 99.2307692307692


3351739 1593694 99.2710795902285
3356813 1588623 99.2710795902285


4358918 3262282 99.2710795902285
4363989 3257208 99.2710795902285


3355074 1764193 99.3995633187773
3356903 1762363 99.3995633187773


4188419 3258947 99.3995633187773
4190249 3257118 99.3995633187773


4229637 228199 99.4246260069045
4231373 226463 99.4246260069045


2650970 3258947 99.4259471871412
2652710 3257208 99.4259471871412


4188419 228202 99.4739610731194
4190319 226305 99.4739610731194


2682608 634745 99.4838709677419
2683381 633971 99.4838709677419


633971 2242447 99.4838709677419
634745 2241674 99.4838709677419


262790 619886 99.4865211810013
263568 619108 99.4865211810013


619108 263568 99.4865211810013
619886 262790 99.4865211810013


2650970 228202 99.5979322228604
2652710 226463 99.5979322228604


226463 2049143 99.5979322228604
228202 2047403 99.5979322228604


226463 2211776 99.5979322228604
228202 2210036 99.5979322228604


353264 1163942 99.609375
354031 1163175 99.609375


633978 1163942 99.609375
634745 1163175 99.609375


1163175 354031 99.609375
1163942 353264 99.609375


1163175 634745 99.609375
1163942 633978 99.609375


1414082 377516 99.609375
1414849 376749 99.609375


1414082 1178406 99.609375
1414849 1177639 99.609375


2618029 619884 99.609375
2618795 619117 99.609375


2618029 634745 99.609375
2618795 633978 99.609375


2618029 1178406 99.609375
2618795 1177639 99.609375


2682608 377516 99.609375
2683375 376749 99.609375


2682608 619884 99.609375
2683375 619117 99.609375


2682608 1178406 99.609375
2683375 1177639 99.609375


3741198 1272680 99.609375
3741965 1271913 99.609375


4505342 1272680 99.609375
4506109 1271913 99.609375


4521571 1272680 99.609375
4522338 1271913 99.609375


4550679 354031 99.609375
4551446 353264 99.609375


4550679 377516 99.609375
4551446 376749 99.609375


4550679 634745 99.609375
4551446 633978 99.609375


4550679 1178406 99.609375
4551446 1177639 99.609375


353264 1464905 99.609375
354031 1464138 99.609375


376749 1464905 99.609375
377516 1464138 99.609375


633978 1464905 99.609375
634745 1464138 99.609375


1177639 1464905 99.609375
1178406 1464138 99.609375


1271913 1419568 99.609375
1272680 1418801 99.609375


1271913 1435797 99.609375
1272680 1435030 99.609375


376749 2242441 99.609375
377516 2241674 99.609375


619117 2242441 99.609375
619884 2241674 99.609375


1177639 2242441 99.609375
1178406 2241674 99.609375


376749 2872823 99.609375
377516 2872056 99.609375


619117 2872823 99.609375
619884 2872056 99.609375


633978 2872823 99.609375
634745 2872056 99.609375


1177639 2872823 99.609375
1178406 2872056 99.609375


376749 3399061 99.609375
377516 3398294 99.609375


619117 4603007 99.609375
619884 4602241 99.609375


633978 4603007 99.609375
634745 4602241 99.609375


1177639 3399061 99.609375
1178406 3398294 99.609375


1177639 4603007 99.609375
1178406 4602241 99.609375


376748 1163943 99.6098829648895
377516 1163175 99.6098829648895


619116 1163943 99.6098829648895
619884 1163175 99.6098829648895


1163175 619884 99.6098829648895
1163943 619116 99.6098829648895


1163175 377516 99.6098829648895
1163943 376748 99.6098829648895


1414081 619885 99.6098829648895
1414849 619117 99.6098829648895


1414082 354031 99.6098829648895
1414850 353263 99.6098829648895


2618028 354032 99.6098829648895
2618795 353264 99.6098829648895


2822187 1272680 99.6098829648895
2822955 1271912 99.6098829648895


3023945 1272680 99.6098829648895
3024713 1271912 99.6098829648895


4550678 619885 99.6098829648895
4551446 619117 99.6098829648895


619117 1464905 99.6098829648895
619885 1464137 99.6098829648895


1271912 2583779 99.6098829648895
1272680 2583011 99.6098829648895


1271912 2382021 99.6098829648895
1272680 2381253 99.6098829648895


353264 2872823 99.6098829648895
354032 2872055 99.6098829648895


353263 3399062 99.6098829648895
354031 3398294 99.6098829648895


353264 4603007 99.6098829648895
354032 4602240 99.6098829648895


619117 3399061 99.6098829648895
619885 3398293 99.6098829648895


3433462 4603007 99.6098829648895
3434230 4602240 99.6098829648895


1163174 1178407 99.6108949416342
1163944 1177637 99.6108949416342


1177637 1163944 99.6108949416342
1178407 1163174 99.6108949416342


1414082 634745 99.6108949416342
1414852 633975 99.6108949416342


633975 3399064 99.6108949416342
634745 3398294 99.6108949416342


2682607 354032 99.6113989637306
2683378 353261 99.6113989637306


353261 2242444 99.6113989637306
354032 2241673 99.6113989637306


1543188 2583778 99.6113989637306
1543959 2583007 99.6113989637306


3023941 3528171 99.6113989637306
3024712 3527400 99.6113989637306


4505338 1044270 99.6119016817594
4506110 1043498 99.6119016817594


1043498 1419569 99.6119016817594
1044270 1418797 99.6119016817594


353258 899570 99.6124031007752
354031 898797 99.6124031007752


898797 354031 99.6124031007752
899570 353258 99.6124031007752


2682601 1435803 99.6129032258064
2683375 1435030 99.6129032258064


4521571 2242441 99.6129032258064
4522344 2241667 99.6129032258064


2822184 2872826 99.616368286445
2822965 2872046 99.616368286445


1827035 554703 99.7037037037037
1828383 553354 99.7037037037037


553354 3812595 99.7037037037037
554703 3811247 99.7037037037037


3351550 1726410 99.7232472324723
3354801 1723159 99.7232472324723


4226202 3262471 99.7232472324723
4229453 3259220 99.7232472324723


241257 634745 99.7395833333333
242024 633978 99.7395833333333


241257 354031 99.7395833333333
242024 353264 99.7395833333333


262792 1178406 99.7395833333333
263559 1177639 99.7395833333333


262792 634745 99.7395833333333
263559 633978 99.7395833333333


262792 377516 99.7395833333333
263559 376749 99.7395833333333


262792 354031 99.7395833333333
263559 353264 99.7395833333333


353264 263559 99.7395833333333
354031 262792 99.7395833333333


353264 242024 99.7395833333333
354031 241257 99.7395833333333


376749 263559 99.7395833333333
377516 262792 99.7395833333333


376749 899564 99.7395833333333
377516 898797 99.7395833333333


589555 1163942 99.7395833333333
590322 1163175 99.7395833333333


619117 899564 99.7395833333333
619884 898797 99.7395833333333


633978 263559 99.7395833333333
634745 262792 99.7395833333333


633978 242024 99.7395833333333
634745 241257 99.7395833333333


898797 377516 99.7395833333333
899564 376749 99.7395833333333


898797 619884 99.7395833333333
899564 619117 99.7395833333333


1163175 590322 99.7395833333333
1163942 589555 99.7395833333333


1177639 263559 99.7395833333333
1178406 262792 99.7395833333333


1414082 590322 99.7395833333333
1414849 589555 99.7395833333333


1414082 547699 99.7395833333333
1414849 546932 99.7395833333333


2618029 547699 99.7395833333333
2618795 546932 99.7395833333333


2682608 547699 99.7395833333333
2683375 546932 99.7395833333333


2682608 590322 99.7395833333333
2683375 589555 99.7395833333333


2822187 24058 99.7395833333333
2822954 23291 99.7395833333333


2822187 1044266 99.7395833333333
2822954 1043499 99.7395833333333


3023945 24058 99.7395833333333
3024712 23291 99.7395833333333


3023945 1044266 99.7395833333333
3024712 1043499 99.7395833333333


3433462 1272680 99.7395833333333
3434229 1271913 99.7395833333333


3433462 263559 99.7395833333333
3434229 262792 99.7395833333333


4550679 590322 99.7395833333333
4551446 589555 99.7395833333333


4550679 547699 99.7395833333333
4551446 546932 99.7395833333333


546932 1464905 99.7395833333333
547699 1464138 99.7395833333333


589555 1464905 99.7395833333333
590322 1464138 99.7395833333333


1680627 1419568 99.7395833333333
1681394 1418801 99.7395833333333


1680627 1435797 99.7395833333333
1681394 1435030 99.7395833333333


2193739 1419568 99.7395833333333
2194506 1418801 99.7395833333333


23291 2382020 99.7395833333333
24058 2381253 99.7395833333333


23291 2583778 99.7395833333333
24058 2583011 99.7395833333333


546932 2242441 99.7395833333333
547699 2241674 99.7395833333333


589555 2242441 99.7395833333333
590322 2241674 99.7395833333333


1043499 2583778 99.7395833333333
1044266 2583011 99.7395833333333


1043499 2382020 99.7395833333333
1044266 2381253 99.7395833333333


1543188 2382020 99.7395833333333
1543955 2381253 99.7395833333333


2682608 2583778 99.7395833333333
2683375 2583011 99.7395833333333


2682608 2382020 99.7395833333333
2683375 2381253 99.7395833333333


2822187 2242441 99.7395833333333
2822954 2241674 99.7395833333333


3023945 2242441 99.7395833333333
3024712 2241674 99.7395833333333


376749 3180559 99.7395833333333
377516 3179792 99.7395833333333


546932 2872823 99.7395833333333
547699 2872056 99.7395833333333


619117 3180559 99.7395833333333
619884 3179792 99.7395833333333


1177639 3180559 99.7395833333333
1178406 3179792 99.7395833333333


546932 3399061 99.7395833333333
547699 3398294 99.7395833333333


546932 4603007 99.7395833333333
547699 4602241 99.7395833333333


589555 3399061 99.7395833333333
590322 3398294 99.7395833333333


2822187 3528167 99.7395833333333
2822954 3527400 99.7395833333333


3741198 3665606 99.7395833333333
3741965 3664839 99.7395833333333


4505342 4178718 99.7395833333333
4506109 4177951 99.7395833333333


4505342 3665606 99.7395833333333
4506109 3664839 99.7395833333333


4521571 3665606 99.7395833333333
4522338 3664839 99.7395833333333


241257 619884 99.739921976593
242025 619116 99.739921976593


241257 377516 99.739921976593
242025 376748 99.739921976593


376748 242025 99.739921976593
377516 241257 99.739921976593


546931 1163943 99.739921976593
547699 1163175 99.739921976593


619116 242025 99.739921976593
619884 241257 99.739921976593


633977 899565 99.739921976593
634745 898797 99.739921976593


898796 1178407 99.739921976593
899564 1177639 99.739921976593


898797 634745 99.739921976593
899565 633977 99.739921976593


1163175 547699 99.739921976593
1163943 546931 99.739921976593


1177639 899564 99.739921976593
1178407 898796 99.739921976593


3741198 1044266 99.739921976593
3741966 1043498 99.739921976593


4521571 1044266 99.739921976593
4522339 1043498 99.739921976593


1043498 1435798 99.739921976593
1044266 1435030 99.739921976593


1543187 1435798 99.739921976593
1543955 1435030 99.739921976593


2193739 1435797 99.739921976593
2194507 1435029 99.739921976593


2682607 1419569 99.739921976593
2683375 1418801 99.739921976593


1680626 2382021 99.739921976593
1681394 2381253 99.739921976593


1680626 2583779 99.739921976593
1681394 2583011 99.739921976593


2193739 2382020 99.739921976593
2194507 2381252 99.739921976593


2193739 2583778 99.739921976593
2194507 2583010 99.739921976593


3741198 2242441 99.739921976593
3741966 2241673 99.739921976593


4505342 2242441 99.739921976593
4506110 2241673 99.739921976593


633977 3180560 99.739921976593
634745 3179792 99.739921976593


2822186 4178719 99.739921976593
2822954 4177951 99.739921976593


2822187 3665606 99.739921976593
2822955 3664838 99.739921976593


3023944 4178719 99.739921976593
3024712 4177951 99.739921976593


3023945 3665606 99.739921976593
3024713 3664838 99.739921976593


3741197 4178719 99.739921976593
3741965 4177951 99.739921976593


3741198 3528167 99.739921976593
3741966 3527399 99.739921976593


4521570 4178719 99.739921976593
4522338 4177951 99.739921976593


4521571 3528167 99.739921976593
4522339 3527399 99.739921976593


241256 1178407 99.7402597402597
242025 1177638 99.7402597402597


1177638 242025 99.7402597402597
1178407 241256 99.7402597402597


4505341 24059 99.7402597402597
4506110 23290 99.7402597402597


4521571 24058 99.7402597402597
4522340 23289 99.7402597402597


23289 1435799 99.7402597402597
24058 1435030 99.7402597402597


23290 1419569 99.7402597402597
24059 1418800 99.7402597402597


2618027 1419570 99.7402597402597
2618795 1418801 99.7402597402597


2618028 1435798 99.7402597402597
2618796 1435029 99.7402597402597


2618029 2583778 99.7402597402597
2618797 2583009 99.7402597402597


2618029 2382020 99.7402597402597
2618797 2381251 99.7402597402597


353263 3180560 99.7402597402597
354032 3179791 99.7402597402597


589553 2872825 99.7402597402597
590322 2872056 99.7402597402597


2822185 4603009 99.7402597402597
2822954 4602241 99.7402597402597


3023943 4603009 99.7402597402597
3024712 4602241 99.7402597402597


4505342 4603007 99.7402597402597
4506111 4602239 99.7402597402597


4521570 4603008 99.7402597402597
4522339 4602240 99.7402597402597


2618029 590322 99.7405966277562
2618798 589552 99.7405966277562


3741198 24058 99.7405966277562
3741968 23288 99.7405966277562


1543187 1419569 99.7405966277562
1543957 1418799 99.7405966277562


589552 4603010 99.7405966277562
590322 4602241 99.7405966277562


3741196 4603009 99.7405966277562
3741966 4602240 99.7405966277562


4505340 3528169 99.7405966277562
4506110 3527399 99.7405966277562


3741198 242024 99.7409326424871
3741969 241253 99.7409326424871


619116 1044267 99.7412677878396
619888 1043495 99.7412677878396


1043495 619888 99.7412677878396
1044267 619116 99.7412677878396


1543184 1178411 99.7412677878396
1543955 1177639 99.7412677878396


1177639 3528167 99.7412677878396
1178411 3527396 99.7412677878396


2772853 430845 99.7785977859779
2774206 429491 99.7785977859779


429491 2333272 99.7785977859779
430845 2331919 99.7785977859779


3355077 1722975 99.8272884283247
3356813 1721239 99.8272884283247


4229637 3258944 99.8272884283247
4231373 3257208 99.8272884283247


2647739 231527 99.8362266622994
2650790 228475 99.8362266622994


228475 2047223 99.8362266622994
231527 2044172 99.8362266622994


228475 2209856 99.8362266622994
231527 2206805 99.8362266622994


1330997 2443032 99.8411437648928
1332255 2441774 99.8411437648928


2882708 3316467 99.8411437648928
2883966 3315209 99.8411437648928


23291 1178406 99.8697916666667
24058 1177639 99.8697916666667


23291 634745 99.8697916666667
24058 633978 99.8697916666667


23291 377516 99.8697916666667
24058 376749 99.8697916666667


23291 619884 99.8697916666667
24058 619117 99.8697916666667


241257 590322 99.8697916666667
242024 589555 99.8697916666667


262792 547699 99.8697916666667
263559 546932 99.8697916666667


376749 24058 99.8697916666667
377516 23291 99.8697916666667


546932 899564 99.8697916666667
547699 898797 99.8697916666667


546932 263559 99.8697916666667
547699 262792 99.8697916666667


589555 899564 99.8697916666667
590322 898797 99.8697916666667


589555 242024 99.8697916666667
590322 241257 99.8697916666667


589555 1272680 99.8697916666667
590322 1271913 99.8697916666667


619117 24058 99.8697916666667
619884 23291 99.8697916666667


633978 1044266 99.8697916666667
634745 1043499 99.8697916666667


633978 24058 99.8697916666667
634745 23291 99.8697916666667


898797 590322 99.8697916666667
899564 589555 99.8697916666667


898797 547699 99.8697916666667
899564 546932 99.8697916666667


1043499 634745 99.8697916666667
1044266 633978 99.8697916666667


1177639 24058 99.8697916666667
1178406 23291 99.8697916666667


1271913 590322 99.8697916666667
1272680 589555 99.8697916666667


1543188 619884 99.8697916666667
1543955 619117 99.8697916666667


1543188 634745 99.8697916666667
1543955 633978 99.8697916666667


1543188 377516 99.8697916666667
1543955 376749 99.8697916666667


1680627 377516 99.8697916666667
1681394 376749 99.8697916666667


1680627 619884 99.8697916666667
1681394 619117 99.8697916666667


2193739 619884 99.8697916666667
2194506 619117 99.8697916666667


2193739 1178406 99.8697916666667
2194506 1177639 99.8697916666667


2193739 354031 99.8697916666667
2194506 353264 99.8697916666667


3433462 1163942 99.8697916666667
3434229 1163175 99.8697916666667


3741198 899564 99.8697916666667
3741965 898797 99.8697916666667


4505342 899564 99.8697916666667
4506109 898797 99.8697916666667


4505342 263559 99.8697916666667
4506109 262792 99.8697916666667


4505342 242024 99.8697916666667
4506109 241257 99.8697916666667


4521571 242024 99.8697916666667
4522338 241257 99.8697916666667


4521571 899564 99.8697916666667
4522338 898797 99.8697916666667


241257 1435797 99.8697916666667
242024 1435030 99.8697916666667


241257 1419568 99.8697916666667
242024 1418801 99.8697916666667


262792 1419568 99.8697916666667
263559 1418801 99.8697916666667


898797 1435797 99.8697916666667
899564 1435030 99.8697916666667


898797 1419568 99.8697916666667
899564 1418801 99.8697916666667


3433462 1464905 99.8697916666667
3434229 1464138 99.8697916666667


546932 3180559 99.8697916666667
547699 3179792 99.8697916666667


589555 3180559 99.8697916666667
590322 3179792 99.8697916666667


2822187 3180559 99.8697916666667
2822954 3179792 99.8697916666667


3023945 3180559 99.8697916666667
3024712 3179792 99.8697916666667


353264 4178718 99.8697916666667
354031 4177951 99.8697916666667


376749 3665606 99.8697916666667
377516 3664839 99.8697916666667


376749 3528167 99.8697916666667
377516 3527400 99.8697916666667


619117 4178718 99.8697916666667
619884 4177951 99.8697916666667


619117 3665606 99.8697916666667
619884 3664839 99.8697916666667


619117 3528167 99.8697916666667
619884 3527400 99.8697916666667


633978 3528167 99.8697916666667
634745 3527400 99.8697916666667


1177639 4178718 99.8697916666667
1178406 4177951 99.8697916666667


3433462 4178718 99.8697916666667
3434229 4177951 99.8697916666667


23290 354032 99.8699609882965
24058 353264 99.8699609882965


262792 590322 99.8699609882965
263560 589554 99.8699609882965


353264 24058 99.8699609882965
354032 23290 99.8699609882965


