#-- reverse hits sorted by %sim
0 0 0
0 0 0


1051945 2928240 73.6196319018405
1052094 2928085 73.6196319018405


1052058 2928240 73.6196319018405
1052207 2928085 73.6196319018405


2928074 1052207 73.6196319018405
2928229 1052058 73.6196319018405


2928074 1052094 73.6196319018405
2928229 1051945 73.6196319018405


1052284 2928240 73.780487804878
1052433 2928085 73.780487804878


2928074 1052433 73.780487804878
2928229 1052284 73.780487804878


1052171 2928240 74.2331288343558
1052320 2928085 74.2331288343558


1052397 2928240 74.2331288343558
1052546 2928085 74.2331288343558


2928074 1052320 74.2331288343558
2928229 1052171 74.2331288343558


2928074 1052546 74.2331288343558
2928229 1052397 74.2331288343558


2488870 480882 76.5432098765432
2489101 480649 76.5432098765432


480649 2489112 76.6393442622951
480882 2488881 76.6393442622951


3164067 4603862 78.5425101214575
3164302 4603625 78.5425101214575


4313915 1785318 79.7191887675507
4315189 1784044 79.7191887675507


312405 349878 79.7619047619048
312563 349714 79.7619047619048


3319966 4073016 81.4925373134328
3320268 4072688 81.4925373134328


1884427 4053351 81.5384615384615
1885921 4051857 81.5384615384615


3319966 4073116 81.6326530612245
3320276 4072780 81.6326530612245


3551470 1805127 81.7980022197558
3552366 1804231 81.7980022197558


3698467 1805127 82.2419533851276
3699363 1804231 82.2419533851276


4072653 4149523 83.206106870229
4072783 4149402 83.206106870229


4149369 4072816 83.206106870229
4149490 4072686 83.206106870229


347485 1013147 83.5051546391753
347674 1012970 83.5051546391753


1012970 347674 83.5051546391753
1013147 347485 83.5051546391753


1065689 3605772 84.4961240310078
1065816 3605646 84.4961240310078


3605613 1065816 84.4961240310078
3605739 1065689 84.4961240310078


2240614 3570042 84.7222222222222
2240756 3569901 84.7222222222222


2351457 2806945 84.7222222222222
2351597 2806807 84.7222222222222


2806796 2351608 84.7222222222222
2806934 2351468 84.7222222222222


3569868 2240767 84.7222222222222
3570009 2240625 84.7222222222222


1746628 2635910 84.7826086956522
1746763 2635774 84.7826086956522


347478 349885 84.9056603773585
347687 349677 84.9056603773585


349677 347687 84.9056603773585
349885 347478 84.9056603773585


1065696 2840645 84.9624060150376
1065828 2840514 84.9624060150376


2840503 1065828 84.9624060150376
2840634 1065696 84.9624060150376


347485 480885 85.0622406639004
347721 480649 85.0622406639004


480649 347721 85.0622406639004
480885 347485 85.0622406639004


2224763 2240762 85.1063829787234
2224903 2240622 85.1063829787234


2240611 2224914 85.1063829787234
2240751 2224774 85.1063829787234


4072694 3161337 85.5555555555556
4072780 3161254 85.5555555555556


4072752 4149524 85.6060606060606
4072883 4149402 85.6060606060606


4072952 4149524 85.6060606060606
4073083 4149402 85.6060606060606


4149369 4072916 85.6060606060606
4149491 4072785 85.6060606060606


4149369 4073116 85.6060606060606
4149491 4072985 85.6060606060606


379484 4179868 85.781990521327
379694 4179667 85.781990521327


4179634 379694 85.781990521327
4179835 379484 85.781990521327


480750 347721 86
480993 347478 86


4179635 4072917 86.0082304526749
4179866 4072682 86.0082304526749


4072849 4179899 86.0655737704918
4073084 4179668 86.0655737704918


4179635 4073117 86.0655737704918
4179866 4072882 86.0655737704918


1746623 592952 86.0927152317881
1746771 592803 86.0927152317881


1012970 3320256 86.1111111111111
1013144 3320083 86.1111111111111


2806809 4269728 86.1111111111111
2806915 4269621 86.1111111111111


3320061 1013144 86.1111111111111
3320234 1012970 86.1111111111111


4269588 2806926 86.1111111111111
4269695 2806820 86.1111111111111


4072749 4179899 86.1224489795918
4072985 4179667 86.1224489795918


4179634 4073018 86.1224489795918
4179866 4072782 86.1224489795918


1746643 3605753 86.2385321100918
1746750 3605646 86.2385321100918


847207 2806952 86.25
847366 2806796 86.25


2806785 847366 86.25
2806941 847207 86.25


3232231 347675 86.3636363636364
3232314 347589 86.3636363636364


4072852 4149524 86.3636363636364
4072983 4149402 86.3636363636364


4149369 4073016 86.3636363636364
4149491 4072885 86.3636363636364


1746646 2840630 86.4406779661017
1746762 2840514 86.4406779661017


2240626 2179022 86.4864864864865
2240736 2178912 86.4864864864865


2224762 3605769 86.5079365079365
2224886 3605646 86.5079365079365


3605613 2224897 86.5079365079365
3605736 2224773 86.5079365079365


3605613 3838077 86.5384615384615
3605714 3837975 86.5384615384615


3837942 3605747 86.5384615384615
3838044 3605646 86.5384615384615


347478 480993 86.5671641791045
347674 480797 86.5671641791045


1065698 2351608 86.8613138686131
1065833 2351474 86.8613138686131


2351463 1065833 86.8613138686131
2351597 1065698 86.8613138686131


347512 4603935 86.9767441860465
347721 4603726 86.9767441860465


4603693 347721 86.9767441860465
4603902 347512 86.9767441860465


2478658 2806941 87.0229007633588
2478788 2806813 87.0229007633588


2806802 2478799 87.0229007633588
2806930 2478669 87.0229007633588


2224768 2351608 87.1428571428571
2224906 2351471 87.1428571428571


2351460 2224917 87.2340425531915
2351597 2224779 87.2340425531915


349743 4179900 87.248322147651
349887 4179757 87.248322147651


4179724 349887 87.248322147651
4179867 349743 87.248322147651


3569870 3605771 87.4015748031496
3569995 3605646 87.4015748031496


3605613 3570028 87.4015748031496
3605738 3569903 87.4015748031496


3569867 1780851 87.4172185430464
3570016 1780702 87.4172185430464


2224780 1780828 87.5
2224906 1780703 87.5


590323 2774594 87.5598086124402
590739 2774183 87.5598086124402


2774172 590739 87.5598086124402
2774583 590323 87.5598086124402


847212 1065841 87.5816993464052
847363 1065690 87.5816993464052


1065690 847363 87.5816993464052
1065841 847212 87.5816993464052


1065718 2233310 87.6106194690265
1065829 2233199 87.6106194690265


2233188 1065829 87.6106194690265
2233299 1065718 87.6106194690265


3441186 4346004 87.719298245614
3441296 4345896 87.719298245614


4345863 3441318 87.719298245614
4345971 3441208 87.719298245614


1126361 3221129 87.8472222222222
1126645 3220846 87.8472222222222


762164 3636574 87.8571428571429
762303 3636435 87.8571428571429


3636402 762303 87.8571428571429
3636541 762164 87.8571428571429


4072649 4179899 87.8947368421053
4072833 4179716 87.8947368421053


379554 4179899 87.9432624113475
379694 4179765 87.9432624113475


4179732 379694 87.9432624113475
4179866 379554 87.9432624113475


2351480 3838077 88
2351577 3837979 88


3837946 2351588 88
3838044 2351491 88


2955736 3605761 88.135593220339
2955851 3605646 88.135593220339


3605613 2955862 88.135593220339
3605728 2955747 88.135593220339


4269592 1065816 88.2352941176471
4269709 1065698 88.2352941176471


3172459 832012 88.3018867924528
3172722 831749 88.3018867924528


1065698 4269742 88.3333333333333
1065816 4269625 88.3333333333333


3630052 2037058 88.3838383838384
3630248 2036864 88.3838383838384


3630052 2036523 88.3838383838384
3630248 2036329 88.3838383838384


3629545 2037082 88.5167464114833
3629751 2036877 88.5167464114833


3629545 2036547 88.5167464114833
3629751 2036342 88.5167464114833


2224767 2840644 88.6363636363636
2224898 2840514 88.6363636363636


2840503 2224909 88.6363636363636
2840633 2224778 88.6363636363636


1065694 2240761 88.6524822695035
1065834 2240621 88.6524822695035


2240610 1065834 88.6524822695035
2240750 1065694 88.6524822695035


2840506 3190820 88.7096774193548
2840627 3190698 88.7096774193548


2224781 4269729 88.785046728972
2224886 4269625 88.785046728972


4269592 2224897 88.785046728972
4269696 2224792 88.785046728972


2840503 2955874 88.8
2840626 2955751 88.8


2955740 2840637 88.8
2955863 2840514 88.8


592800 1065840 88.8157894736842
592950 1065690 88.8157894736842


1065690 592950 88.8157894736842
1065840 592800 88.8157894736842


347579 349885 88.8888888888889
347730 349735 88.8888888888889


349735 347730 88.8888888888889
349885 347579 88.8888888888889


3569883 4269736 88.8888888888889
3569999 4269621 88.8888888888889


4269588 3570032 88.8888888888889
4269703 3569916 88.8888888888889


2351480 2955862 88.9830508474576
2351595 2955747 88.9830508474576


2955736 2351606 88.9830508474576
2955851 2351491 88.9830508474576


462006 2635904 89.051094890511
462142 2635768 89.051094890511


2635757 462142 89.051094890511
2635893 462006 89.051094890511


2013886 3127905 89.1472868217054
2014014 3127777 89.1472868217054


3265663 1513587 89.1472868217054
3265791 1513459 89.1472868217054


461997 592950 89.3617021276596
462136 592811 89.3617021276596


592811 462136 89.4366197183099
592950 461997 89.4366197183099


2351457 3570051 89.4366197183099
2351597 3569910 89.4366197183099


3569877 2351608 89.4366197183099
3570018 2351468 89.4366197183099


1332020 4504609 89.4957983193277
1332254 4504375 89.4957983193277


4504342 1864370 89.4957983193277
4504576 1864136 89.4957983193277


4504342 1699089 89.4957983193277
4504576 1698855 89.4957983193277


4504342 1691535 89.4957983193277
4504576 1691301 89.4957983193277


592823 3838078 89.5238095238095
592926 3837975 89.5238095238095


2955752 4269723 89.5238095238095
2955855 4269621 89.5238095238095


3837942 592926 89.5238095238095
3838045 592823 89.5238095238095


4269588 2955866 89.5238095238095
4269690 2955763 89.5238095238095


1838329 546109 89.7009966777409
1838628 545809 89.7009966777409


592804 2224917 89.7260273972603
592948 2224773 89.7260273972603


2224762 592948 89.7260273972603
2224906 592804 89.7260273972603


1833595 549083 89.7435897435898
1833828 548851 89.7435897435898


3265675 762303 89.7435897435898
3265791 762187 89.7435897435898


2635753 3190834 89.8550724637681
2635889 3190698 89.8550724637681


4179636 4603861 89.873417721519
4179866 4603625 89.873417721519


4603592 4179899 89.873417721519
4603828 4179669 89.873417721519


2635763 2955875 90
2635892 2955747 90


2955736 2635903 90
2955864 2635774 90


847214 3636574 90.1315789473684
847364 3636424 90.1315789473684


3636391 847364 90.1315789473684
3636541 847214 90.1315789473684


347478 4073023 90.2040816326531
347721 4072782 90.2040816326531


4072749 347721 90.2040816326531
4072990 347478 90.2040816326531


2955744 1780830 90.2439024390244
2955864 1780710 90.2439024390244


4179636 4603760 90.295358649789
4179866 4603524 90.295358649789


4603491 4179899 90.295358649789
4603727 4179669 90.295358649789


347485 4073116 90.3361344537815
347721 4072882 90.3361344537815


4072849 347721 90.3361344537815
4073083 347485 90.3361344537815


347485 4072916 90.3765690376569
347721 4072682 90.3765690376569


4072649 347721 90.3765690376569
4072883 347485 90.3765690376569


2635775 3838078 90.3846153846154
2635878 3837975 90.3846153846154


2840514 3838078 90.3846153846154
2840616 3837975 90.3846153846154


3837942 2840627 90.3846153846154
3838045 2840525 90.3846153846154


3837942 2635889 90.3846153846154
3838045 2635786 90.3846153846154


1065717 2368293 90.4347826086957
1065830 2368180 90.4347826086957


2368169 1065830 90.4347826086957
2368282 1065717 90.4347826086957


2635763 3570041 90.5797101449275
2635899 3569906 90.5797101449275


3569873 2635910 90.5797101449275
3570008 2635774 90.5797101449275


2224784 2233314 90.5982905982906
2224899 2233199 90.5982905982906


2233188 2224910 90.5982905982906
2233303 2224795 90.5982905982906


2822187 4504304 90.625
2822954 4503537 90.625


3023945 4504304 90.625
3024712 4503537 90.625


4503504 3024723 90.625
4504271 3023956 90.625


4503504 2822965 90.625
4504271 2822198 90.625


4503503 4506143 90.6371911573472
4504271 4505375 90.6371911573472


4505342 4504304 90.6371911573472
4506110 4503536 90.6371911573472


4503502 4522373 90.6493506493507
4504271 4521604 90.6493506493507


4503504 2113391 90.6493506493507
4504273 2112622 90.6493506493507


4521571 4504304 90.6493506493507
4522340 4503535 90.6493506493507


3741198 4504304 90.6614785992218
3741968 4503534 90.6614785992218


4503501 3742001 90.6614785992218
4504271 3741231 90.6614785992218


1019899 4072828 90.7407407407407
1019999 4072722 90.7407407407407


4072689 1019999 90.7407407407407
4072795 1019899 90.7407407407407


376749 4504304 90.7552083333333
377516 4503537 90.7552083333333


619117 4504304 90.7552083333333
619884 4503537 90.7552083333333


1177639 4504304 90.7552083333333
1178406 4503537 90.7552083333333


4503504 377516 90.7552083333333
4504271 376749 90.7552083333333


4503504 619884 90.7552083333333
4504271 619117 90.7552083333333


4503504 1178406 90.7552083333333
4504271 1177639 90.7552083333333


353263 4504305 90.7792207792208
354032 4503536 90.7792207792208


633976 4504306 90.7792207792208
634745 4503537 90.7792207792208


3433461 4504305 90.7792207792208
3434230 4503536 90.7792207792208


4503503 354032 90.7792207792208
4504272 353263 90.7792207792208


4503504 634745 90.7792207792208
4504273 633976 90.7792207792208


4503503 3434252 90.7792207792208
4504272 3433483 90.7792207792208


592811 2955875 90.8396946564885
592940 2955747 90.8396946564885


2955736 592940 90.8396946564885
2955864 592811 90.8396946564885


546932 4504304 90.8854166666667
547699 4503537 90.8854166666667


589555 4504304 90.8854166666667
590322 4503537 90.8854166666667


4503504 547699 90.8854166666667
4504271 546932 90.8854166666667


4503504 590322 90.8854166666667
4504271 589555 90.8854166666667


4503504 1333734 90.8854166666667
4504271 1332967 90.8854166666667


4503504 1846846 90.8972691807542
4504272 1846078 90.8972691807542


4503503 1984286 90.8972691807542
4504271 1983518 90.8972691807542


2013897 592941 90.9090909090909
2014038 592800 90.9090909090909


2478670 2955869 90.9090909090909
2478788 2955751 90.9090909090909


2955740 2478799 90.9090909090909
2955858 2478681 90.9090909090909


3837946 4269722 90.9090909090909
3838044 4269625 90.9090909090909


4269592 3838077 90.9090909090909
4269689 3837979 90.9090909090909


3202749 2955870 90.983606557377
3202869 2955751 90.983606557377


2240627 3838078 91.0891089108911
2240727 3837978 91.0891089108911


3837945 2240738 91.0891089108911
3838045 2240638 91.0891089108911


2368170 2955875 91.1504424778761
2368282 2955763 91.1504424778761


2955752 2368293 91.1504424778761
2955864 2368181 91.1504424778761


3636391 3127904 91.1764705882353
3636525 3127770 91.1764705882353


3630535 2037593 91.304347826087
3630717 2037412 91.304347826087


3630535 2037058 91.304347826087
3630717 2036877 91.304347826087


3630535 2036523 91.304347826087
3630717 2036342 91.304347826087


2224780 2478793 91.3385826771654
2224905 2478669 91.3385826771654


2478658 2224916 91.3385826771654
2478782 2224791 91.3385826771654


2240624 2955866 91.3461538461538
2240726 2955764 91.3461538461538


2955753 2240737 91.3461538461538
2955855 2240635 91.3461538461538


2233200 3838078 91.4285714285714
2233303 3837975 91.4285714285714


3837942 2233314 91.4285714285714
3838045 2233211 91.4285714285714


2013902 2478799 91.4728682170543
2014030 2478672 91.4728682170543


592798 3570054 91.6666666666667
592952 3569901 91.6666666666667


2224768 2635905 91.6666666666667
2224899 2635774 91.6666666666667


2635763 2224910 91.6666666666667
2635894 2224779 91.6666666666667


3569868 592952 91.6666666666667
3570021 592798 91.6666666666667


3232230 1019996 91.7647058823529
3232314 1019914 91.7647058823529


1065699 1513576 91.7910447761194
1065832 1513443 91.7910447761194


1065694 2635909 91.970802919708
1065829 2635774 91.970802919708


2013897 2635904 91.970802919708
2014033 2635768 91.970802919708


2635763 1065829 91.970802919708
2635898 1065694 91.970802919708


2233188 2955875 92.0353982300885
2233299 2955764 92.0353982300885


2955753 2233310 92.0353982300885
2955864 2233199 92.0353982300885


2013915 2368293 92.1052631578947
2014028 2368180 92.1052631578947


2840503 3570040 92.1259842519685
2840627 3569915 92.1259842519685


3569882 2840638 92.1259842519685
3570007 2840514 92.1259842519685


1332375 821192 92.2131147540984
1332618 820953 92.2131147540984


2488867 3229500 92.280701754386
2489150 3229217 92.280701754386


548885 1890366 92.4324324324324
549069 1890182 92.4324324324324


2488966 3229501 92.5531914893617
2489152 3229315 92.5531914893617


2955753 4259885 92.5925925925926
2955859 4259779 92.5925925925926


4259746 2955870 92.5925925925926
4259852 2955764 92.5925925925926


1332255 820953 92.8571428571429
1332436 820776 92.8571428571429


1332255 821131 92.9545454545455
1332694 820700 92.9545454545455


2233188 3570041 93.9655172413793
2233303 3569926 93.9655172413793


3569893 2233314 93.9655172413793
3570008 2233199 93.9655172413793


218897 4371937 94.1176470588235
218980 4371853 94.1176470588235


558052 1882850 94.1176470588235
558441 1882460 94.1176470588235


4371820 218980 94.1176470588235
4371904 218897 94.1176470588235


1822588 558441 94.1216678058783
1824049 556980 94.1216678058783


2203010 1309160 94.4954128440367
2203116 1309052 94.4954128440367


3569897 4259885 94.5454545454545
3570006 4259776 94.5454545454545


4259743 3570039 94.5454545454545
4259852 3569930 94.5454545454545


2262134 1800748 94.8139797068771
2263020 1799862 94.8139797068771


831742 1126652 95.0381679389313
832003 1126391 95.0381679389313


1126391 832003 95.0381679389313
1126652 831742 95.0381679389313


569168 2263033 95.0506186726659
570056 2262145 95.0506186726659


2262134 570056 95.0506186726659
2263022 569168 95.0506186726659


1825021 556041 95.0856291883842
1826363 554702 95.0856291883842


554719 1885143 95.4741379310345
555182 1884680 95.4741379310345


549577 1888945 95.8868894601543
549965 1888557 95.8868894601543


3595667 1762414 96.2176509621765
3597170 1760911 96.2176509621765


4259745 3190820 96.2962962962963
4259852 3190713 96.2962962962963


242694 570055 96.3346613545817
243948 568801 96.3346613545817


568801 243948 96.3346613545817
570055 242694 96.3346613545817


242669 1800772 96.4052287581699
243585 1799856 96.4052287581699


568789 2262145 96.6744006187162
570081 2260854 96.6744006187162


2260843 570081 96.6744006187162
2262134 568789 96.6744006187162


1718520 573519 96.7804249839021
1720071 571986 96.7804249839021


1306667 1310983 97.1153846153846
1306770 1310880 97.1153846153846


1310880 1306770 97.1153846153846
1310983 1306667 97.1153846153846


1310880 1324482 97.1153846153846
1310983 1324379 97.1153846153846


1726701 570080 97.5850713501647
1727611 569170 97.5850713501647


568790 3556245 97.6006191950464
570081 3554954 97.6006191950464


3554921 570081 97.6006191950464
3556212 568790 97.6006191950464


4222580 2019674 97.6470588235294
4222664 2019590 97.6470588235294


4222580 2019968 97.6470588235294
4222664 2019884 97.6470588235294


231675 3351461 97.6923076923077
231804 3351332 97.6923076923077


3351310 231804 97.6923076923077
3351439 231675 97.6923076923077


3351310 3908657 97.7099236641221
3351440 3908527 97.7099236641221


3908494 3351462 97.7099236641221
3908624 3351332 97.7099236641221


2260844 1800772 97.928026172301
2261759 1799856 97.928026172301


3554922 1800772 98.4732824427481
3555838 1799856 98.4732824427481


231675 3351706 98.5185185185185
231809 3351572 98.5185185185185


3351550 231809 98.5185185185185
3351684 231675 98.5185185185185


3944406 4595553 98.8505747126437
3944492 4595467 98.8505747126437


4595434 3944525 98.8505747126437
4595520 3944439 98.8505747126437


3905389 4362010 98.8569562377531
3908440 4358951 98.8569562377531


4358918 3908473 98.8569562377531
4361977 3905422 98.8569562377531


3351550 3908662 99.0467404674047
3354801 3905422 99.0467404674047


3905389 3354823 99.0467404674047
3908629 3351572 99.0467404674047


495428 1806729 99.0726020137785
499201 1802956 99.0726020137785


228475 4229486 99.0861618798956
231527 4226424 99.0861618798956


4226391 231527 99.0861618798956
4229453 228475 99.0861618798956


2202991 1306770 99.0990990990991
2203101 1306660 99.0990990990991


376741 2618814 99.1071428571429
377524 2618033 99.1071428571429


2618022 377524 99.1071428571429
2618803 376741 99.1071428571429


226375 3356925 99.1290884459067
231527 3351761 99.1290884459067


3351739 231527 99.1290884459067
3356903 226375 99.1290884459067


226463 4364022 99.1789512968837
231811 4358667 99.1789512968837


4358634 231811 99.1789512968837
4363989 226463 99.1789512968837


3903255 4231620 99.1835219892373
3908631 4226233 99.1835219892373


4226200 3908664 99.1835219892373
4231587 3903288 99.1835219892373


3903249 4364242 99.184505606524
3905209 4362283 99.184505606524


4362250 3905242 99.184505606524
4364209 3903282 99.184505606524


226463 4231406 99.4246260069045
228199 4229670 99.4246260069045


4229637 228199 99.4246260069045
4231373 226463 99.4246260069045


3355074 3905242 99.4259471871412
3356813 3903502 99.4259471871412


3903469 3356835 99.4259471871412
3905209 3355096 99.4259471871412


226305 4190352 99.4739610731194
228202 4188452 99.4739610731194


4188419 228202 99.4739610731194
4190319 226305 99.4739610731194


633971 2683392 99.4838709677419
634745 2682619 99.4838709677419


2682608 634745 99.4838709677419
2683381 633971 99.4838709677419


262790 619886 99.4865211810013
263568 619108 99.4865211810013


619108 263568 99.4865211810013
619886 262790 99.4865211810013


226463 2652721 99.5979322228604
228202 2650981 99.5979322228604


2650970 228202 99.5979322228604
2652710 226463 99.5979322228604


353264 4551479 99.609375
354031 4550712 99.609375


353264 1163942 99.609375
354031 1163175 99.609375


376749 4551479 99.609375
377516 4550712 99.609375


376749 2683386 99.609375
377516 2682619 99.609375


619117 2683386 99.609375
619884 2682619 99.609375


619117 2618806 99.609375
619884 2618040 99.609375


633978 4551479 99.609375
634745 4550712 99.609375


633978 1163942 99.609375
634745 1163175 99.609375


633978 2618806 99.609375
634745 2618040 99.609375


1163175 634745 99.609375
1163942 633978 99.609375


1163175 354031 99.609375
1163942 353264 99.609375


1177639 4551479 99.609375
1178406 4550712 99.609375


1177639 2683386 99.609375
1178406 2682619 99.609375


1177639 2618806 99.609375
1178406 2618040 99.609375


1271913 3741998 99.609375
1272680 3741231 99.609375


1271913 2113391 99.609375
1272680 2112624 99.609375


1271913 4506142 99.609375
1272680 4505375 99.609375


1271913 4522371 99.609375
1272680 4521604 99.609375


1414082 1178406 99.609375
1414849 1177639 99.609375


1414082 377516 99.609375
1414849 376749 99.609375


2618029 619884 99.609375
2618795 619117 99.609375


2618029 1178406 99.609375
2618795 1177639 99.609375


2618029 634745 99.609375
2618795 633978 99.609375


2682608 377516 99.609375
2683375 376749 99.609375


2682608 619884 99.609375
2683375 619117 99.609375


2682608 1178406 99.609375
2683375 1177639 99.609375


3741198 1272680 99.609375
3741965 1271913 99.609375


4505342 1272680 99.609375
4506109 1271913 99.609375


4521571 1272680 99.609375
4522338 1271913 99.609375


4550679 1178406 99.609375
4551446 1177639 99.609375


4550679 354031 99.609375
4551446 353264 99.609375


4550679 377516 99.609375
4551446 376749 99.609375


4550679 634745 99.609375
4551446 633978 99.609375


353264 2618806 99.6098829648895
354032 2618039 99.6098829648895


376748 1163943 99.6098829648895
377516 1163175 99.6098829648895


619116 1163943 99.6098829648895
619884 1163175 99.6098829648895


619117 4551479 99.6098829648895
619885 4550711 99.6098829648895


1163175 377516 99.6098829648895
1163943 376748 99.6098829648895


1163175 619884 99.6098829648895
1163943 619116 99.6098829648895


1271912 3024724 99.6098829648895
1272680 3023956 99.6098829648895


1271912 2822966 99.6098829648895
1272680 2822198 99.6098829648895


1414081 619885 99.6098829648895
1414849 619117 99.6098829648895


1414082 354031 99.6098829648895
1414850 353263 99.6098829648895


2618028 354032 99.6098829648895
2618795 353264 99.6098829648895


2618028 3434252 99.6098829648895
2618795 3433484 99.6098829648895


2822187 1272680 99.6098829648895
2822955 1271912 99.6098829648895


3023945 1272680 99.6098829648895
3024713 1271912 99.6098829648895


3433462 2618806 99.6098829648895
3434230 2618039 99.6098829648895


4550678 619885 99.6098829648895
4551446 619117 99.6098829648895


1163174 1178407 99.6108949416342
1163944 1177637 99.6108949416342


1177637 1163944 99.6108949416342
1178407 1163174 99.6108949416342


1414082 634745 99.6108949416342
1414852 633975 99.6108949416342


353261 2683389 99.6113989637306
354032 2682618 99.6113989637306


1543188 3024723 99.6113989637306
1543959 3023952 99.6113989637306


2682607 354032 99.6113989637306
2683378 353261 99.6113989637306


1043498 4506143 99.6119016817594
1044270 4505371 99.6119016817594


4505338 1044270 99.6119016817594
4506110 1043498 99.6119016817594


4550679 1984285 99.6119016817594
4551451 1983513 99.6119016817594


353258 899570 99.6124031007752
354031 898797 99.6124031007752


898797 354031 99.6124031007752
899570 353258 99.6124031007752


2682601 4522377 99.6129032258064
2683375 4521604 99.6129032258064


4521571 2683386 99.6129032258064
4522344 2682612 99.6129032258064


1827035 554703 99.7037037037037
1828383 553354 99.7037037037037


23291 2822965 99.7395833333333
24058 2822198 99.7395833333333


23291 2113391 99.7395833333333
24058 2112624 99.7395833333333


23291 3024723 99.7395833333333
24058 3023956 99.7395833333333


241257 354031 99.7395833333333
242024 353264 99.7395833333333


241257 634745 99.7395833333333
242024 633978 99.7395833333333


262792 3434251 99.7395833333333
263559 3433484 99.7395833333333


262792 354031 99.7395833333333
263559 353264 99.7395833333333


262792 1178406 99.7395833333333
263559 1177639 99.7395833333333


262792 377516 99.7395833333333
263559 376749 99.7395833333333


262792 634745 99.7395833333333
263559 633978 99.7395833333333


353264 242024 99.7395833333333
354031 241257 99.7395833333333


353264 263559 99.7395833333333
354031 262792 99.7395833333333


376749 263559 99.7395833333333
377516 262792 99.7395833333333


376749 899564 99.7395833333333
377516 898797 99.7395833333333


546932 4551479 99.7395833333333
547699 4550712 99.7395833333333


546932 2683386 99.7395833333333
547699 2682619 99.7395833333333


546932 2618806 99.7395833333333
547699 2618040 99.7395833333333


589555 1163942 99.7395833333333
590322 1163175 99.7395833333333


589555 2683386 99.7395833333333
590322 2682619 99.7395833333333


589555 4551479 99.7395833333333
590322 4550712 99.7395833333333


619117 899564 99.7395833333333
619884 898797 99.7395833333333


633978 242024 99.7395833333333
634745 241257 99.7395833333333


633978 263559 99.7395833333333
634745 262792 99.7395833333333


898797 377516 99.7395833333333
899564 376749 99.7395833333333


898797 619884 99.7395833333333
899564 619117 99.7395833333333


1043499 2822965 99.7395833333333
1044266 2822198 99.7395833333333


1043499 3024723 99.7395833333333
1044266 3023956 99.7395833333333


1043499 2113391 99.7395833333333
1044266 2112624 99.7395833333333


1163175 1333734 99.7395833333333
1163942 1332967 99.7395833333333


1163175 1984285 99.7395833333333
1163942 1983518 99.7395833333333


1163175 590322 99.7395833333333
1163942 589555 99.7395833333333


1177639 263559 99.7395833333333
1178406 262792 99.7395833333333


1271913 3434251 99.7395833333333
1272680 3433484 99.7395833333333


1414082 547699 99.7395833333333
1414849 546932 99.7395833333333


1414082 590322 99.7395833333333
1414849 589555 99.7395833333333


1543188 2822965 99.7395833333333
1543955 2822198 99.7395833333333


1680627 4522371 99.7395833333333
1681394 4521604 99.7395833333333


1680627 4506142 99.7395833333333
1681394 4505375 99.7395833333333


1680627 3741998 99.7395833333333
1681394 3741231 99.7395833333333


2193739 4506142 99.7395833333333
2194506 4505375 99.7395833333333


2618029 2113391 99.7395833333333
2618795 2112624 99.7395833333333


2618029 547699 99.7395833333333
2618795 546932 99.7395833333333


2618029 1846846 99.7395833333333
2618795 1846079 99.7395833333333


2682608 547699 99.7395833333333
2683375 546932 99.7395833333333


2682608 2822965 99.7395833333333
2683375 2822198 99.7395833333333


2682608 1333734 99.7395833333333
2683375 1332967 99.7395833333333


2682608 590322 99.7395833333333
2683375 589555 99.7395833333333


2682608 3024723 99.7395833333333
2683375 3023956 99.7395833333333


2822187 2683386 99.7395833333333
2822954 2682619 99.7395833333333


2822187 1044266 99.7395833333333
2822954 1043499 99.7395833333333


2822187 24058 99.7395833333333
2822954 23291 99.7395833333333


3023945 2683386 99.7395833333333
3024712 2682619 99.7395833333333


3023945 1044266 99.7395833333333
3024712 1043499 99.7395833333333


3023945 24058 99.7395833333333
3024712 23291 99.7395833333333


3433462 1272680 99.7395833333333
3434229 1271913 99.7395833333333


3433462 263559 99.7395833333333
3434229 262792 99.7395833333333


4550679 1846846 99.7395833333333
4551446 1846079 99.7395833333333


4550679 1333734 99.7395833333333
4551446 1332967 99.7395833333333


4550679 547699 99.7395833333333
4551446 546932 99.7395833333333


4550679 590322 99.7395833333333
4551446 589555 99.7395833333333


241257 619884 99.739921976593
242025 619116 99.739921976593


241257 377516 99.739921976593
242025 376748 99.739921976593


376748 242025 99.739921976593
377516 241257 99.739921976593


546931 1163943 99.739921976593
547699 1163175 99.739921976593


619116 242025 99.739921976593
619884 241257 99.739921976593


633977 899565 99.739921976593
634745 898797 99.739921976593


898796 1178407 99.739921976593
899564 1177639 99.739921976593


898797 634745 99.739921976593
899565 633977 99.739921976593


1043498 3741999 99.739921976593
1044266 3741231 99.739921976593


1043498 4522372 99.739921976593
1044266 4521604 99.739921976593


1163174 1846847 99.739921976593
1163942 1846079 99.739921976593


1163175 547699 99.739921976593
1163943 546931 99.739921976593


1177639 899564 99.739921976593
1178407 898796 99.739921976593


1543187 3741999 99.739921976593
1543955 3741231 99.739921976593


1543187 4522372 99.739921976593
1543955 4521604 99.739921976593


1680626 3024724 99.739921976593
1681394 3023956 99.739921976593


1680626 2822966 99.739921976593
1681394 2822198 99.739921976593


2193739 3741998 99.739921976593
2194507 3741230 99.739921976593


2193739 3024723 99.739921976593
2194507 3023955 99.739921976593


2193739 2822965 99.739921976593
2194507 2822197 99.739921976593


2193739 4522371 99.739921976593
2194507 4521603 99.739921976593


2618028 1984286 99.739921976593
2618795 1983518 99.739921976593


2618029 1333734 99.739921976593
2618796 1332966 99.739921976593


2682607 4506143 99.739921976593
2683375 4505375 99.739921976593


2682607 1984286 99.739921976593
2683375 1983518 99.739921976593


2682607 3741999 99.739921976593
2683375 3741231 99.739921976593


2682608 2113391 99.739921976593
2683376 2112623 99.739921976593


2682608 1846846 99.739921976593
2683376 1846078 99.739921976593


3741198 2683386 99.739921976593
3741966 2682618 99.739921976593


3741198 1044266 99.739921976593
3741966 1043498 99.739921976593


4505342 2683386 99.739921976593
4506110 2682618 99.739921976593


4521571 1044266 99.739921976593
4522339 1043498 99.739921976593


23289 4522373 99.7402597402597
24058 4521604 99.7402597402597


23290 4506143 99.7402597402597
24059 4505374 99.7402597402597


241256 1178407 99.7402597402597
242025 1177638 99.7402597402597


1177638 242025 99.7402597402597
1178407 241256 99.7402597402597


2618027 4506144 99.7402597402597
2618795 4505375 99.7402597402597


2618028 4522372 99.7402597402597
2618796 4521603 99.7402597402597


2618029 3024723 99.7402597402597
2618797 3023954 99.7402597402597


2618029 2822965 99.7402597402597
2618797 2822196 99.7402597402597


2822185 2618808 99.7402597402597
2822954 2618040 99.7402597402597


3023943 2618808 99.7402597402597
3024712 2618040 99.7402597402597


4505341 24059 99.7402597402597
4506110 23290 99.7402597402597


4505342 2618806 99.7402597402597
4506111 2618038 99.7402597402597


4521571 24058 99.7402597402597
4522340 23289 99.7402597402597


4521570 2618807 99.7402597402597
4522339 2618039 99.7402597402597


23288 3742001 99.7405966277562
24058 3741231 99.7405966277562


589552 2618809 99.7405966277562
590322 2618040 99.7405966277562


1543187 4506143 99.7405966277562
1543957 4505373 99.7405966277562


2618028 3741999 99.7405966277562
2618797 3741229 99.7405966277562


2618029 590322 99.7405966277562
2618798 589552 99.7405966277562


3741198 24058 99.7405966277562
3741968 23288 99.7405966277562


3741196 2618808 99.7405966277562
3741966 2618039 99.7405966277562


241253 3742002 99.7409326424871
242024 3741231 99.7409326424871


3741198 242024 99.7409326424871
3741969 241253 99.7409326424871


619116 1044267 99.7412677878396
619888 1043495 99.7412677878396


1043495 619888 99.7412677878396
1044267 619116 99.7412677878396


1543184 1178411 99.7412677878396
1543955 1177639 99.7412677878396


898797 2113391 99.7416020671835
899570 2112619 99.7416020671835


429491 2774217 99.7785977859779
430845 2772864 99.7785977859779


2772853 430845 99.7785977859779
2774206 429491 99.7785977859779


2772850 1449946 99.7790868924889
2774207 1448589 99.7790868924889


228475 2650801 99.8362266622994
231527 2647750 99.8362266622994


2647739 231527 99.8362266622994
2650790 228475 99.8362266622994


2882709 1864370 99.8410174880763
2883966 1863113 99.8410174880763


1330997 2883977 99.8411437648928
1332255 2882719 99.8411437648928


590715 1449942 99.8521803399852
592067 1448591 99.8521803399852


23291 377516 99.8697916666667
24058 376749 99.8697916666667


23291 619884 99.8697916666667
24058 619117 99.8697916666667


23291 1178406 99.8697916666667
24058 1177639 99.8697916666667


23291 634745 99.8697916666667
24058 633978 99.8697916666667


241257 2113391 99.8697916666667
242024 2112624 99.8697916666667


241257 1984285 99.8697916666667
242024 1983518 99.8697916666667


241257 1333734 99.8697916666667
242024 1332967 99.8697916666667


241257 4522371 99.8697916666667
242024 4521604 99.8697916666667


241257 4506142 99.8697916666667
242024 4505375 99.8697916666667


241257 590322 99.8697916666667
242024 589555 99.8697916666667


262792 4506142 99.8697916666667
263559 4505375 99.8697916666667


262792 1846846 99.8697916666667
263559 1846079 99.8697916666667


262792 1984285 99.8697916666667
263559 1983518 99.8697916666667


262792 547699 99.8697916666667
263559 546932 99.8697916666667


376749 24058 99.8697916666667
377516 23291 99.8697916666667


546932 899564 99.8697916666667
547699 898797 99.8697916666667


546932 263559 99.8697916666667
547699 262792 99.8697916666667


589555 1272680 99.8697916666667
590322 1271913 99.8697916666667


589555 899564 99.8697916666667
590322 898797 99.8697916666667


589555 242024 99.8697916666667
590322 241257 99.8697916666667


619117 24058 99.8697916666667
619884 23291 99.8697916666667


633978 1044266 99.8697916666667
634745 1043499 99.8697916666667


633978 24058 99.8697916666667
634745 23291 99.8697916666667


898797 590322 99.8697916666667
899564 589555 99.8697916666667


898797 3741998 99.8697916666667
899564 3741231 99.8697916666667


898797 547699 99.8697916666667
899564 546932 99.8697916666667


898797 1984285 99.8697916666667
899564 1983518 99.8697916666667


898797 4506142 99.8697916666667
899564 4505375 99.8697916666667


898797 1333734 99.8697916666667
899564 1332967 99.8697916666667


898797 4522371 99.8697916666667
899564 4521604 99.8697916666667


1043499 634745 99.8697916666667
1044266 633978 99.8697916666667


1163175 3434251 99.8697916666667
1163942 3433484 99.8697916666667


1177639 24058 99.8697916666667
1178406 23291 99.8697916666667


1271913 1984285 99.8697916666667
1272680 1983518 99.8697916666667


1271913 1333734 99.8697916666667
1272680 1332967 99.8697916666667


1271913 590322 99.8697916666667
1272680 589555 99.8697916666667


1543188 377516 99.8697916666667
1543955 376749 99.8697916666667


1543188 619884 99.8697916666667
1543955 619117 99.8697916666667


1543188 634745 99.8697916666667
1543955 633978 99.8697916666667


1680627 377516 99.8697916666667
1681394 376749 99.8697916666667


1680627 619884 99.8697916666667
1681394 619117 99.8697916666667


2193739 3434251 99.8697916666667
2194506 3433484 99.8697916666667


2193739 619884 99.8697916666667
2194506 619117 99.8697916666667


2193739 1178406 99.8697916666667
2194506 1177639 99.8697916666667


2193739 354031 99.8697916666667
2194506 353264 99.8697916666667


3433462 1163942 99.8697916666667
3434229 1163175 99.8697916666667


3433462 4551479 99.8697916666667
3434229 4550712 99.8697916666667


3741198 899564 99.8697916666667
3741965 898797 99.8697916666667


4505342 899564 99.8697916666667
4506109 898797 99.8697916666667


4505342 242024 99.8697916666667
4506109 241257 99.8697916666667


4505342 263559 99.8697916666667
4506109 262792 99.8697916666667


4521571 899564 99.8697916666667
4522338 898797 99.8697916666667


4521571 242024 99.8697916666667
4522338 241257 99.8697916666667


4550679 3434251 99.8697916666667
4551446 3433484 99.8697916666667


23290 3434252 99.8699609882965
24058 3433484 99.8699609882965


23290 354032 99.8699609882965
24058 353264 99.8699609882965


241256 1846847 99.8699609882965
242024 1846079 99.8699609882965


241256 2822966 99.8699609882965
242024 2822198 99.8699609882965


241256 3024724 99.8699609882965
242024 3023956 99.8699609882965


262791 2113392 99.8699609882965
263559 2112624 99.8699609882965


262792 2822965 99.8699609882965
263560 2822197 99.8699609882965


262792 4522371 99.8699609882965
263560 4521603 99.8699609882965


262792 3741998 99.8699609882965
263560 3741230 99.8699609882965


262792 3024723 99.8699609882965
263560 3023955 99.8699609882965


262792 1333734 99.8699609882965
263560 1332966 99.8699609882965


262792 590322 99.8699609882965
263560 589554 99.8699609882965


353264 24058 99.8699609882965
354032 23290 99.8699609882965


589554 263560 99.8699609882965
590322 262792 99.8699609882965


898796 3024724 99.8699609882965
899564 3023956 99.8699609882965


898796 2822966 99.8699609882965
899564 2822198 99.8699609882965


1043498 3434252 99.8699609882965
1044266 3433484 99.8699609882965


1043499 1178406 99.8699609882965
1044267 1177638 99.8699609882965


1177638 1044267 99.8699609882965
1178406 1043499 99.8699609882965


1271912 1846847 99.8699609882965
1272680 1846079 99.8699609882965


1414082 3434251 99.8699609882965
1414850 3433483 99.8699609882965


1543187 3434252 99.8699609882965
1543955 3433484 99.8699609882965


1680626 1178407 99.8699609882965
1681394 1177639 99.8699609882965


1680627 634745 99.8699609882965
1681395 633977 99.8699609882965


1680627 354031 99.8699609882965
1681395 353263 99.8699609882965


2193738 634746 99.8699609882965
2194506 633978 99.8699609882965


2193738 377517 99.8699609882965
2194506 376749 99.8699609882965


2822186 263560 99.8699609882965
2822954 262792 99.8699609882965


2822187 242024 99.8699609882965
2822955 241256 99.8699609882965


2822187 899564 99.8699609882965
2822955 898796 99.8699609882965


3023944 263560 99.8699609882965
3024712 262792 99.8699609882965


3023945 899564 99.8699609882965
3024713 898796 99.8699609882965


3023945 242024 99.8699609882965
3024713 241256 99.8699609882965


3433462 24058 99.8699609882965
3434230 23290 99.8699609882965


3433462 1044266 99.8699609882965
3434230 1043498 99.8699609882965


3741197 263560 99.8699609882965
3741965 262792 99.8699609882965


4521570 263560 99.8699609882965
4522338 262792 99.8699609882965


241257 547699 99.8701298701299
242026 546930 99.8701298701299


353264 1044266 99.8701298701299
354033 1043497 99.8701298701299


376747 1044268 99.8701298701299
377516 1043499 99.8701298701299


546930 242026 99.8701298701299
547699 241257 99.8701298701299


546930 1272682 99.8701298701299
547699 1271913 99.8701298701299


898796 1846847 99.8701298701299
899565 1846078 99.8701298701299


1043497 354033 99.8701298701299
1044266 353264 99.8701298701299


1043499 377516 99.8701298701299
1044268 376747 99.8701298701299


